eil76_n75_bounded-strongly-corr_01.ttp.aco.txt
3136.679197
3496.941392
3854.720163
2890.979177
2890.979177
3854.720163
3385.848743
3135.819408
3496.941392
3136.679197
3134.200503
3499.847736
3496.941392
3136.679197
3854.675925
2891.030736
2891.030736
3854.675925
3462.229826
3133.073173
3136.679197
3496.941392
3134.961205
3496.941392
3132.418776
3499.847736
3854.675925
2891.030736
3135.819408
3385.848743
2891.030736
3854.675925
3133.073173
3462.229826
3499.847736
3132.418776
2890.979177
3854.720163
3854.720163
2890.979177
3499.847736
3134.200503
3496.941392
3134.961205
3496.941392
3134.961205
3134.961205
3496.941392
eil76_n75_bounded-strongly-corr_01.ttp.con.txt
3854.675925
2891.030736
3854.720163
2890.979177
3134.961205
3496.941392
2891.030736
3854.675925
3496.941392
3136.679197
3134.200503
3499.847736
3385.848743
3135.819408
3133.073173
3462.229826
3136.679197
3496.941392
3499.847736
3134.200503
2890.979177
3854.720163
3136.679197
3496.941392
3496.941392
3134.961205
2891.030736
3854.675925
3135.819408
3385.848743
3854.720163
2890.979177
3854.675925
2891.030736
3132.418776
3499.847736
3499.847736
3132.418776
3462.229826
3133.073173
3496.941392
3134.961205
3496.941392
3136.679197
2890.979177
3854.720163
3134.961205
3496.941392
eil76_n75_bounded-strongly-corr_01.ttp.inv.txt
3416.858909
3112.342817
2994.881468
4049.442152
3135.819408
3385.848743
3565.462814
3052.407609
3307.915291
3328.275519
3512.599358
3147.301536
3441.287574
3120.817044
3658.724081
3231.365676
3664.400950
2813.211898
2885.387681
3449.084235
2792.144235
3454.393939
3448.794408
3299.496016
2854.248491
3804.325237
3080.484409
3794.020125
3630.213962
3342.120917
3260.612234
3428.218963
2771.146103
3613.787833
3576.448681
2798.070345
3546.333790
3086.794551
2974.202285
3669.303557
3133.073173
3462.229826
2719.977726
3708.473065
3421.756205
3088.523738
3029.051327
3446.104236
3499.847736
3134.200503
3487.646419
3456.855577
3549.640830
3087.679375
3494.783191
3270.161609
3847.961026
3178.595457
3380.594359
3166.047467
3521.126084
3085.421677
3471.177095
3163.949492
3854.720163
2890.979177
3329.327487
3371.355119
3452.738642
3124.285551
3836.526339
3383.041889
3809.978348
3416.818279
3112.767314
3433.139849
3610.746193
2907.390869
3641.527036
2776.764034
3471.233244
3163.908643
2891.030736
3854.675925
3436.986881
3101.122925
3399.943847
3449.027617
3063.063314
3546.890380
3511.616000
3567.704664
2828.637989
3815.980331
3402.856576
3552.991885
3496.941392
3136.679197
3831.698527
3346.193603
3499.851710
3227.993946
3826.529462
3380.435914
3379.128447
3250.046335
3382.002916
3836.526339
2734.686989
3560.079355
2766.342229
3596.427174
3257.252973
3594.709289
3971.740236
3248.694053
3496.941392
3136.679197
3089.483677
3143.453796
3380.451573
3425.770933
3535.158109
3334.533985
3196.540456
3234.766682
3089.064412
3542.663960
3329.383181
3371.308567
3558.408134
3122.657743
3089.949236
3545.971000
3271.279812
3378.719811
3568.130158
3053.292433
3120.488142
3508.671276
3610.480417
2773.415964
3790.855147
3279.157862
3371.308567
3329.383181
3125.742662
3388.666944
3178.733770
3071.963543
3177.011700
3763.835106
3521.182233
3085.380827
3122.614297
3430.200642
3310.760905
3825.390690
3134.200503
3499.847736
3163.908643
3471.233244
3555.772125
2695.794834
3159.096094
3350.900816
2769.678748
3614.808814
3089.148053
3499.792489
3208.835216
3329.076425
2861.004859
3428.450968
3163.949492
3471.177095
3471.068438
3120.246038
2773.415964
3610.480417
3759.960182
3330.044544
3263.050867
3776.187940
3538.461464
3532.035536
3368.994242
3189.551786
2700.480610
3570.158475
3090.385845
3812.104766
3854.675925
2891.030736
3437.681575
3122.050832
3085.380827
3521.182233
4047.947929
3015.017601
eil76_n75_bounded-strongly-corr_01.ttp.lkh.txt
3136.679197
3496.941392
3385.848743
3135.819408
3854.720163
2890.979177
3854.675925
2891.030736
3462.229826
3133.073173
3496.941392
3136.679197
3136.679197
3496.941392
3496.941392
3136.679197
3496.941392
3134.961205
3854.720163
2890.979177
3496.941392
3134.961205
2890.979177
3854.720163
3499.847736
3134.200503
3206.484631
3239.269620
3134.961205
3496.941392
3854.675925
2891.030736
2891.030736
3854.675925
3499.847736
3132.418776
3134.200503
3499.847736
3135.819408
3385.848743
3134.961205
3496.941392
3133.073173
3462.229826
2890.979177
3854.720163
3132.418776
3499.847736
2891.030736
3854.675925
eil76_n75_bounded-strongly-corr_01.ttp.lkh2.txt
3132.418776
3499.847736
3134.961205
3496.941392
3134.961205
3496.941392
3462.229826
3133.073173
3854.675925
2891.030736
3854.720163
2890.979177
3134.200503
3499.847736
3136.679197
3496.941392
3854.675925
2891.030736
3854.720163
2890.979177
3385.848743
3135.819408
3136.679197
3496.941392
eil76_n75_bounded-strongly-corr_06.ttp.aco.txt
7377.619230
9960.655965
6618.882856
7133.365786
7133.365786
6618.882856
8463.356862
9045.893014
9960.543964
7377.619230
7375.951103
10026.307232
9960.655965
7377.619230
6614.785960
7133.405520
7133.405520
6618.848976
8194.554393
9122.553482
7377.619230
9960.543964
7397.935430
9961.335309
7396.267303
10027.098576
6618.848976
7133.405520
9045.893014
8463.356862
7133.405520
6614.785960
9122.553482
8194.554393
10027.098576
7396.267303
7133.365786
6614.819840
6614.819840
7133.365786
10026.307232
7375.951103
9961.447309
7397.935430
9961.335309
7397.935430
7397.935430
9961.447309
eil76_n75_bounded-strongly-corr_06.ttp.con.txt
6614.785960
7133.405520
6614.819840
7133.365786
7397.935430
9961.447309
7133.405520
6614.785960
9960.543964
7377.619230
7375.951103
10026.307232
8463.356862
9045.893014
9122.553482
8194.554393
7377.619230
9960.543964
10026.307232
7375.951103
7133.365786
6618.882856
7377.619230
9960.655965
9961.335309
7397.935430
7133.405520
6618.848976
9045.893014
8463.356862
6618.882856
7133.365786
6618.848976
7133.405520
7396.267303
10027.098576
10027.098576
7396.267303
8194.554393
9122.553482
9961.447309
7397.935430
9960.655965
7377.619230
7133.365786
6614.819840
7397.935430
9961.335309
eil76_n75_bounded-strongly-corr_06.ttp.inv.txt
8164.194003
8939.947177
7715.649103
8499.627438
9045.893014
8463.356862
9981.392560
6198.505136
8010.694017
9331.833434
7887.599952
7442.107502
7842.868973
9033.517622
10224.299431
8687.340012
6981.007949
7217.667343
7032.241768
6568.546307
7300.382600
8230.680107
7735.681899
9355.370067
6671.178521
6448.286466
7880.567663
8388.086791
5957.423418
8065.443110
6716.363993
8055.653040
7298.455141
10213.308045
10069.707821
7346.890140
10083.071869
6294.322207
7415.141483
6789.800054
9122.553482
8194.554393
7053.790483
6820.390810
8043.582372
8855.650670
6757.680954
7074.930238
10026.307232
7375.951103
6474.186060
7733.624725
10094.618384
6289.953726
10029.463086
5893.424495
6548.201034
7687.072195
7335.584659
8570.606225
10139.546082
7344.345352
9855.812563
7401.366997
6618.882856
7133.365786
9547.254742
8335.462327
8151.197522
9026.008452
9356.044922
6968.945184
9227.038188
7019.541020
6883.653200
9677.541720
6779.349095
6955.122554
6888.709187
7304.056977
9807.627590
7401.335433
7133.405520
6618.848976
7552.031147
8955.428632
6981.100201
9578.311968
7366.566039
9984.436804
6292.191536
8756.020633
6947.003935
6909.346461
7001.307036
8493.429448
9960.655965
7377.619230
8755.592783
7762.994243
9742.457636
5668.147884
9356.023409
6916.811868
8470.839450
8616.747499
6968.113966
9342.245939
7620.505465
8132.953653
7230.026406
9976.334830
8725.672147
10086.334908
8956.368329
6277.530146
9960.543964
7377.619230
8789.315014
7963.829277
7703.992091
9177.207358
5948.915958
8433.857030
8892.670776
8515.906796
6295.990334
10018.421881
9499.378925
8335.430763
8327.748741
8988.556879
6291.621853
10029.857973
8415.681537
7259.203829
9996.479300
6196.678940
6867.570489
6816.217052
10149.000038
7300.123268
9187.424356
7249.320003
8335.430763
9499.378925
8887.074562
8215.878906
8029.506409
8816.104530
8102.731677
8701.074561
10067.950515
7344.314486
8929.375448
8148.826131
7839.828952
8724.560756
7375.951103
10026.307232
7401.335433
9807.627590
8453.220100
7103.281621
8701.231686
8712.400696
7319.874771
10219.522740
6277.965252
9940.230985
6967.726169
9745.701805
6823.602102
6364.696376
7401.366997
9855.812563
8128.612361
9038.967588
7300.123268
10154.423389
6701.279914
8340.253124
7857.928441
8648.903023
5369.719809
9143.510117
7182.860695
8626.200374
6765.725508
7159.152099
8771.521520
8021.568424
6618.848976
7133.405520
7825.575663
9035.528741
7344.314486
10067.950515
9563.258070
7183.976281
eil76_n75_bounded-strongly-corr_06.ttp.lkh.txt
7377.619230
9960.543964
8463.356862
9045.893014
6618.882856
7133.365786
6618.848976
7133.405520
8194.554393
9122.553482
9960.655965
7377.619230
7377.619230
9960.655965
9960.543964
7377.619230
9961.447309
7397.935430
6614.819840
7133.365786
9961.335309
7397.935430
7133.365786
6618.882856
10026.307232
7375.951103
8873.152484
8471.196429
7397.935430
9961.335309
6614.785960
7133.405520
7133.405520
6614.785960
10027.098576
7396.267303
7375.951103
10026.307232
9045.893014
8463.356862
7397.935430
9961.447309
9122.553482
8194.554393
7133.365786
6614.819840
7396.267303
10027.098576
7133.405520
6618.848976
eil76_n75_bounded-strongly-corr_06.ttp.lkh2.txt
7396.267303
10027.098576
7397.935430
9961.447309
7397.935430
9961.335309
8194.554393
9122.553482
6614.785960
7133.405520
6618.882856
7133.365786
7375.951103
10026.307232
7377.619230
9960.655965
6618.848976
7133.405520
6614.819840
7133.365786
8463.356862
9045.893014
7377.619230
9960.543964
eil76_n75_uncorr-similar-weights_01.ttp.aco.txt
779.361251
1227.927411
1140.098283
31.288233
31.288233
1140.098283
1194.415035
1146.701111
1227.927411
779.361251
779.361251
1235.864153
1227.927411
779.361251
1140.098283
31.288233
31.288233
1140.098283
1154.086193
1146.701111
779.361251
1227.927411
779.361251
1227.927411
779.361251
1235.864153
1140.098283
31.288233
1146.701111
1194.415035
31.288233
1140.098283
1146.701111
1154.086193
1235.864153
779.361251
31.288233
1140.098283
1140.098283
31.288233
1235.864153
779.361251
1227.927411
779.361251
1227.927411
779.361251
779.361251
1227.927411
eil76_n75_uncorr-similar-weights_01.ttp.con.txt
1140.098283
31.288233
1140.098283
31.288233
779.361251
1227.927411
31.288233
1140.098283
1227.927411
779.361251
779.361251
1235.864153
1194.415035
1146.701111
1146.701111
1154.086193
779.361251
1227.927411
1235.864153
779.361251
31.288233
1140.098283
779.361251
1227.927411
1227.927411
779.361251
31.288233
1140.098283
1146.701111
1194.415035
1140.098283
31.288233
1140.098283
31.288233
779.361251
1235.864153
1235.864153
779.361251
1154.086193
1146.701111
1227.927411
779.361251
1227.927411
779.361251
31.288233
1140.098283
779.361251
1227.927411
eil76_n75_uncorr-similar-weights_01.ttp.inv.txt
1115.198764
1129.271111
778.864919
547.532909
1146.701111
1194.415035
1206.628646
539.437920
901.120065
1269.620164
717.288703
790.537275
1011.026712
1140.891111
1149.992233
412.160737
936.694244
168.561153
8.048233
870.040800
174.371153
1034.502071
997.138341
1252.617597
-4.821803
1111.048283
794.473554
667.541438
758.903115
219.167747
603.934297
652.864036
180.181153
1157.928975
1150.355255
176.468672
1224.244153
597.371953
182.343714
938.585346
1146.701111
1154.086193
8.048233
919.827545
1073.149542
1117.651111
214.648236
916.880379
1235.864153
779.361251
490.589823
1239.824806
1224.244153
597.371953
1187.751465
473.534799
370.939251
581.226050
889.196962
308.866906
1205.181465
726.236013
1228.290432
784.170046
1140.098283
31.288233
1270.047597
867.979893
1075.525831
1140.891111
561.004399
1027.998831
543.574399
1075.743062
738.691251
1145.601526
1290.129299
-5.910866
1128.866950
169.778293
1228.290432
784.170046
31.288233
1140.098283
1050.409588
1129.271111
657.596353
1210.860432
721.427218
1218.248646
706.743838
799.992600
76.913966
978.655196
1033.808831
958.596045
1227.927411
779.361251
588.565188
1014.223712
1156.651421
510.521353
555.194399
1033.619191
1179.304967
412.160737
1027.998831
561.004399
347.724537
1061.994619
164.848672
1138.735255
408.448256
1150.355255
782.892134
722.939236
1227.927411
779.361251
1123.461111
1346.350043
834.230219
1210.860432
844.346182
257.571308
1093.670729
899.574325
597.371953
1216.307411
1270.047597
867.979893
1236.157962
1135.081111
597.371953
1216.307411
1094.151111
1033.808831
1206.628646
539.437920
622.169123
1031.092502
1149.992233
180.181153
526.144399
894.375573
867.979893
1270.047597
1123.461111
1093.564139
1352.160043
1129.271111
1053.718660
541.882962
1205.181465
726.236013
1135.081111
1142.466193
890.452587
582.755188
779.361251
1235.864153
784.170046
1228.290432
1087.987288
239.810018
1070.430729
1093.604259
180.181153
1157.928975
602.180748
1216.670432
749.310046
1140.273876
-31.888553
913.208618
784.170046
1228.290432
1075.525831
1140.891111
180.181153
1149.992233
892.213278
266.388552
466.842365
799.926087
740.114628
777.946096
1008.227171
1018.381654
18.336080
918.343272
1129.271111
971.079264
1140.098283
31.288233
999.918053
1140.891111
726.236013
1205.181465
863.713635
906.443374
eil76_n75_uncorr-similar-weights_01.ttp.lkh.txt
779.361251
1227.927411
1194.415035
1146.701111
1140.098283
31.288233
1140.098283
31.288233
1154.086193
1146.701111
1227.927411
779.361251
779.361251
1227.927411
1227.927411
779.361251
1227.927411
779.361251
1140.098283
31.288233
1227.927411
779.361251
31.288233
1140.098283
1235.864153
779.361251
1099.480729
1222.448031
779.361251
1227.927411
1140.098283
31.288233
31.288233
1140.098283
1235.864153
779.361251
779.361251
1235.864153
1146.701111
1194.415035
779.361251
1227.927411
1146.701111
1154.086193
31.288233
1140.098283
779.361251
1235.864153
31.288233
1140.098283
eil76_n75_uncorr-similar-weights_01.ttp.lkh2.txt
779.361251
1235.864153
779.361251
1227.927411
779.361251
1227.927411
1154.086193
1146.701111
1140.098283
31.288233
1140.098283
31.288233
779.361251
1235.864153
779.361251
1227.927411
1140.098283
31.288233
1140.098283
31.288233
1194.415035
1146.701111
779.361251
1227.927411
eil76_n75_uncorr-similar-weights_06.ttp.aco.txt
-2363.010714
1601.928103
1310.751050
-2237.859768
-2237.859768
1310.751050
516.666919
-379.146281
1601.928103
-2363.010714
-2370.219208
1634.771219
1601.928103
-2363.010714
1310.751050
-2237.859768
-2237.859768
1310.751050
268.846193
-293.289718
-2363.010714
1601.928103
-2363.010714
1601.928103
-2370.219208
1634.771219
1310.751050
-2237.859768
-379.146281
516.666919
-2237.859768
1310.751050
-293.289718
268.846193
1634.771219
-2370.219208
-2237.859768
1310.751050
1310.751050
-2237.859768
1634.771219
-2370.219208
1601.928103
-2363.010714
1601.928103
-2363.010714
-2363.010714
1601.928103
eil76_n75_uncorr-similar-weights_06.ttp.con.txt
1310.751050
-2237.859768
1310.751050
-2237.859768
-2363.010714
1601.928103
-2237.859768
1310.751050
1601.928103
-2363.010714
-2370.219208
1634.771219
516.666919
-379.146281
-293.289718
268.846193
-2363.010714
1601.928103
1634.771219
-2370.219208
-2237.859768
1310.751050
-2363.010714
1601.928103
1601.928103
-2363.010714
-2237.859768
1310.751050
-379.146281
516.666919
1310.751050
-2237.859768
1310.751050
-2237.859768
-2370.219208
1634.771219
1634.771219
-2370.219208
268.846193
-293.289718
1601.928103
-2363.010714
1601.928103
-2363.010714
-2237.859768
1310.751050
-2363.010714
1601.928103
eil76_n75_uncorr-similar-weights_06.ttp.inv.txt
227.618051
-459.257832
-1992.799073
-670.245305
-379.146281
516.666919
1846.490357
-2806.912338
-1085.173784
798.020574
-231.476480
-1596.636634
49.215116
-341.164065
1824.122031
-2825.021273
719.131354
-2970.685280
-2364.833025
552.500589
-3114.943114
1333.588851
-994.185840
917.079901
-2430.843668
1138.082427
-832.089775
-983.147856
131.447320
-1970.818940
-1613.277807
-434.662467
-3161.795722
1972.207006
1910.653189
-3202.425015
2016.491985
-2774.795482
-2322.047483
1003.750370
-293.289718
268.846193
-2420.698663
230.979056
-115.491255
-340.529047
-1782.569236
269.344454
1634.771219
-2370.219208
-2280.052543
1199.035741
2009.236486
-2778.582636
1839.669824
-3227.641242
-894.199194
-1177.291811
988.182537
-2825.114089
1374.830646
-2456.367873
1577.527289
-2421.813821
1310.751050
-2237.859768
1064.371836
-632.004629
113.246315
-242.584367
-845.783811
528.654229
-948.883830
560.466055
-2374.033185
1116.935127
1379.178021
-2436.088961
1032.519604
-2344.531113
1577.527289
-2421.813821
-2237.859768
1310.751050
104.561955
-434.217781
-2151.400507
1686.683800
-2362.814145
1413.273079
-387.805817
-612.510511
-2657.752475
1197.764985
293.346519
-563.291075
1601.928103
-2363.010714
-973.190149
412.804346
878.565894
-2503.270639
-824.810050
381.358276
1536.069986
-2888.640933
528.654229
-845.783811
-2250.944735
757.468755
-3271.319836
1872.880210
-2881.088662
1813.965588
-388.562897
-922.829037
1601.928103
-2363.010714
-766.970857
445.761546
-804.897254
1049.557425
314.485596
-2103.819510
-56.573935
271.470111
-2767.586989
1983.643922
1064.371836
-632.004629
368.099321
-454.341647
-2771.374142
1976.388423
-482.943084
104.997637
1838.727419
-2810.316248
-1867.377079
668.529181
1939.363889
-3154.587228
-821.965189
-10.108563
-632.004629
1064.371836
-375.491239
47.427135
465.970410
-703.485377
-438.946391
-816.630470
1374.830646
-2456.367873
-445.119163
261.729066
320.590033
-892.916395
-2370.219208
1634.771219
-2421.813821
1577.527289
583.563978
-2174.136013
-201.053925
-284.943233
-3161.795722
1972.207006
-2850.798980
1902.787887
-2403.526545
1152.258642
-2377.226781
578.407175
-2421.813821
1577.527289
89.417339
-207.750615
-3154.587228
1939.363889
305.855579
-2233.975377
-943.416751
-494.069956
-537.764759
-560.567621
188.141762
-970.473933
-2579.461700
342.983788
-391.992020
217.015342
1310.751050
-2237.859768
5.165465
-334.597194
-2456.367873
1374.830646
-676.274856
-978.770078
eil76_n75_uncorr-similar-weights_06.ttp.lkh.txt
-2363.010714
1601.928103
516.666919
-379.146281
1310.751050
-2237.859768
1310.751050
-2237.859768
268.846193
-293.289718
1601.928103
-2363.010714
-2363.010714
1601.928103
1601.928103
-2363.010714
1601.928103
-2363.010714
1310.751050
-2237.859768
1601.928103
-2363.010714
-2237.859768
1310.751050
1634.771219
-2370.219208
-142.431707
379.523694
-2363.010714
1601.928103
1310.751050
-2237.859768
-2237.859768
1310.751050
1634.771219
-2370.219208
-2370.219208
1634.771219
-379.146281
516.666919
-2363.010714
1601.928103
-293.289718
268.846193
-2237.859768
1310.751050
-2370.219208
1634.771219
-2237.859768
1310.751050
eil76_n75_uncorr-similar-weights_06.ttp.lkh2.txt
-2370.219208
1634.771219
-2363.010714
1601.928103
-2363.010714
1601.928103
268.846193
-293.289718
1310.751050
-2237.859768
1310.751050
-2237.859768
-2370.219208
1634.771219
-2363.010714
1601.928103
1310.751050
-2237.859768
1310.751050
-2237.859768
516.666919
-379.146281
-2363.010714
1601.928103
eil76_n75_uncorr_01.ttp.aco.txt
4398.261175
3727.390755
4206.319176
4462.543990
4462.543990
4206.319176
4606.511927
3276.592450
3724.673973
4400.061844
4393.302594
3703.625720
3727.390755
4398.261175
4204.724457
4455.335522
4455.335522
4204.724457
4618.120834
3263.464603
4400.061844
3724.673973
4400.061844
3724.673973
4393.302594
3703.625720
4204.724457
4455.335522
3276.592450
4606.511927
4455.335522
4204.724457
3263.464603
4618.120834
3703.625720
4393.302594
4462.543990
4206.319176
4206.319176
4462.543990
3703.625720
4393.302594
3727.390755
4398.261175
3724.673973
4400.061844
4398.261175
3727.390755
eil76_n75_uncorr_01.ttp.con.txt
4204.724457
4455.335522
4206.319176
4462.543990
4398.261175
3727.390755
4455.335522
4204.724457
3724.673973
4400.061844
4393.302594
3703.625720
4606.511927
3276.592450
3263.464603
4618.120834
4400.061844
3724.673973
3703.625720
4393.302594
4462.543990
4206.319176
4398.261175
3727.390755
3724.673973
4400.061844
4455.335522
4204.724457
3276.592450
4606.511927
4206.319176
4462.543990
4204.724457
4455.335522
4393.302594
3703.625720
3703.625720
4393.302594
4618.120834
3263.464603
3727.390755
4398.261175
3727.390755
4398.261175
4462.543990
4206.319176
4400.061844
3724.673973
eil76_n75_uncorr_01.ttp.inv.txt
4545.584268
3254.252323
3964.984037
4304.301115
3276.592450
4606.511927
3960.949109
3846.399406
4107.423373
3093.350795
4219.557483
4053.737766
4727.033110
3229.730420
3830.646778
4317.232458
3915.836560
4460.573574
4485.644687
3794.783108
4428.008382
4160.268146
4185.916705
3116.126429
4476.967876
4082.683975
3942.530216
4129.220438
3641.207060
4387.373146
4465.323682
3705.577381
4372.290010
3812.032162
3843.139885
4335.294935
3762.243656
3908.874787
4382.224509
3771.425779
3263.464603
4618.120834
4148.766885
4612.901979
4641.154930
3183.768973
4592.957667
3934.664963
3703.625720
4393.302594
4373.665721
3352.930472
3762.243656
3908.874787
3952.722166
3693.342295
4165.556688
3988.284522
4126.249200
4261.512450
3865.837213
4260.877337
3731.513958
4359.762388
4206.319176
4462.543990
3162.510599
4711.828050
4636.184912
3242.087775
3984.373801
4505.623352
3949.632650
4550.654038
4552.438216
2991.247744
3949.045152
4487.412843
4062.969232
4146.527862
3734.449886
4364.720969
4455.335522
4204.724457
4749.994811
3173.790049
3911.762422
3800.975650
4301.176793
3867.425209
3392.200111
4108.997865
4262.919092
4333.481313
4616.536021
3466.514706
3727.390755
4398.261175
3871.545884
4552.094955
4075.528252
3590.240705
3939.551213
4539.302304
3838.348386
4341.700505
4505.623352
3984.373801
4015.289522
4485.427667
4320.061436
3827.239134
4274.977948
3834.665716
4538.656612
3957.384695
3724.673973
4400.061844
3176.706170
4225.264475
3751.164053
3880.393355
3684.297806
4275.253594
4346.358304
3305.916793
3913.833368
3786.008690
3165.404197
4716.786631
4486.126158
3272.764853
3915.634037
3783.291909
3701.058531
4529.019160
3960.949109
3846.399406
4541.724043
3467.641878
3833.080414
4379.049260
3919.477163
4059.993004
4716.786631
3165.404197
3259.171789
4590.297144
4233.648172
3187.086972
3522.441327
3952.031692
3869.321067
4265.835918
3245.027942
4599.808585
4189.574495
3842.369372
4393.302594
3703.625720
4364.720969
3734.449886
4432.998125
4183.992704
4283.735825
3585.696641
4372.290010
3812.032162
3872.937504
3774.817985
4586.897530
2997.116252
4420.639144
3979.626159
4359.762388
3731.513958
4634.780498
3244.201358
4379.049260
3833.080414
4111.859838
4439.306504
4409.168591
3945.229140
3328.078030
4125.368675
4573.540059
3495.041080
4209.431341
4662.153099
3289.461432
4402.477997
4204.724457
4455.335522
4791.466034
3183.155290
4265.835918
3869.321067
4542.937014
3478.835298
eil76_n75_uncorr_01.ttp.lkh.txt
4400.061844
3724.673973
4606.511927
3276.592450
4206.319176
4462.543990
4204.724457
4455.335522
4618.120834
3263.464603
3727.390755
4398.261175
4398.261175
3727.390755
3724.673973
4400.061844
3727.390755
4398.261175
4206.319176
4462.543990
3724.673973
4400.061844
4462.543990
4206.319176
3703.625720
4393.302594
4325.693421
3810.497964
4400.061844
3724.673973
4204.724457
4455.335522
4455.335522
4204.724457
3703.625720
4393.302594
4393.302594
3703.625720
3276.592450
4606.511927
4398.261175
3727.390755
3263.464603
4618.120834
4462.543990
4206.319176
4393.302594
3703.625720
4455.335522
4204.724457
eil76_n75_uncorr_01.ttp.lkh2.txt
4393.302594
3703.625720
4398.261175
3727.390755
4400.061844
3724.673973
4618.120834
3263.464603
4204.724457
4455.335522
4206.319176
4462.543990
4393.302594
3703.625720
4398.261175
3727.390755
4204.724457
4455.335522
4206.319176
4462.543990
4606.511927
3276.592450
4400.061844
3724.673973
eil76_n75_uncorr_06.ttp.aco.txt
4353.507449
6175.940223
4927.811067
4773.692245
4773.692245
4927.811067
6645.482053
5011.940704
6177.525845
4352.471270
4351.165559
6203.725115
6175.940223
4353.507449
4929.579304
4771.276423
4774.754749
4926.622452
6418.519367
5040.986368
4352.471270
6177.525845
4354.223404
6176.422511
4352.917693
6202.621781
4926.622452
4774.754749
5011.940704
6645.482053
4771.276423
4929.579304
5040.986368
6418.519367
6202.621781
4352.917693
4770.213919
4930.767919
4930.767919
4770.213919
6203.725115
4351.165559
6174.836889
4355.259583
6176.422511
4354.223404
4355.259583
6174.836889
eil76_n75_uncorr_06.ttp.con.txt
4929.579304
4771.276423
4930.767919
4770.213919
4355.259583
6174.836889
4771.276423
4929.579304
6177.525845
4352.471270
4351.165559
6203.725115
6645.482053
5011.940704
5040.986368
6418.519367
4352.471270
6177.525845
6203.725115
4351.165559
4773.692245
4927.811067
4353.507449
6175.940223
6176.422511
4354.223404
4774.754749
4926.622452
5011.940704
6645.482053
4927.811067
4773.692245
4926.622452
4774.754749
4352.917693
6202.621781
6202.621781
4352.917693
6418.519367
5040.986368
6174.836889
4355.259583
6175.940223
4353.507449
4770.213919
4930.767919
4354.223404
6176.422511
eil76_n75_uncorr_06.ttp.inv.txt
6420.177839
4938.118315
3481.079212
5539.877933
5011.940704
6645.482053
5550.280561
5111.861715
5388.610286
5704.711885
4072.614366
5931.311917
6253.683909
4996.477204
6594.524814
3139.526706
6282.213417
3176.336596
4683.469333
4850.073085
3050.729314
6501.116626
5252.998441
5985.861012
4723.194416
4698.523294
4782.946330
4613.340674
3456.666908
4850.975673
5556.366982
4088.092815
3136.108478
6566.910584
6437.602955
3127.226646
5955.458319
4773.762000
4951.645990
4541.575219
5040.986368
6418.519367
4545.362924
5032.704670
6159.796746
4772.030283
4331.667835
4919.587356
6203.725115
4351.165559
6086.998884
4170.663818
5955.458319
4773.762000
5543.919795
4948.279615
3250.545977
5053.890888
6015.418591
3493.239144
5707.875913
4712.222054
6117.306104
4316.333365
4927.811067
4773.692245
5914.440831
5568.912754
6232.424667
4932.369731
3689.385843
7376.411595
3581.274175
7402.835413
4772.467185
5143.972906
5253.446608
4648.152653
5398.859663
4111.759340
6119.160279
4315.454379
4774.754749
4926.622452
6351.515314
4894.385915
5012.681746
5937.290329
4743.406478
5786.348266
3524.119638
6164.078553
4120.632303
5243.007062
7395.016551
3776.528511
6175.940223
4353.507449
3709.348605
7153.280737
5439.047777
5024.568850
3808.312653
7228.690703
6633.343096
3143.081686
7377.500281
3687.631169
4041.043904
6167.538686
3100.889204
6335.588459
3127.126931
6491.570768
4736.030908
5078.076945
6177.525845
4352.471270
5184.278728
6183.400747
5362.275675
6095.867154
4016.716475
5034.951210
5445.250408
5825.596208
4776.103891
5928.049907
5916.233265
5568.127295
6645.815612
4992.202234
4775.067711
5929.615805
4062.367296
7080.790016
5550.280561
5111.861715
5743.320486
4454.335342
6540.700605
3137.347496
3772.589056
6699.693207
5568.127295
5916.233265
4815.646433
6203.976769
6199.408333
5242.013045
6081.761433
3595.147251
5710.052098
4711.429320
4934.120053
6345.800995
6632.768945
3871.093918
4351.165559
6203.725115
4315.454379
6119.160279
6102.511845
3762.683046
5287.184332
5953.155632
3140.268475
6562.912673
4734.685349
5888.712775
4545.487171
5272.265974
4479.316916
4642.547812
4316.333365
6117.306104
6243.389905
4969.033961
3139.678701
6537.806028
4893.691004
4312.581596
5653.055390
3977.954332
3464.787132
6065.014148
6720.454702
4190.904557
4186.564200
4992.310356
5024.986511
6096.076390
4926.622452
4774.754749
6267.020620
4980.735410
4711.429320
5710.052098
5582.479525
4258.999605
eil76_n75_uncorr_06.ttp.lkh.txt
4352.471270
6177.525845
6645.482053
5011.940704
4927.811067
4773.692245
4926.622452
4774.754749
6418.519367
5040.986368
6175.940223
4353.507449
4353.507449
6175.940223
6177.525845
4352.471270
6174.836889
4355.259583
4930.767919
4770.213919
6176.422511
4354.223404
4773.692245
4927.811067
6203.725115
4351.165559
5426.092082
6225.184081
4354.223404
6176.422511
4929.579304
4771.276423
4771.276423
4929.579304
6202.621781
4352.917693
4351.165559
6203.725115
5011.940704
6645.482053
4355.259583
6174.836889
5040.986368
6418.519367
4770.213919
4930.767919
4352.917693
6202.621781
4774.754749
4926.622452
eil76_n75_uncorr_06.ttp.lkh2.txt
4352.917693
6202.621781
4355.259583
6174.836889
4354.223404
6176.422511
6418.519367
5040.986368
4929.579304
4771.276423
4927.811067
4773.692245
4351.165559
6203.725115
4353.507449
6175.940223
4926.622452
4774.754749
4930.767919
4770.213919
6645.482053
5011.940704
4352.471270
6177.525845
