eil76_n375_bounded-strongly-corr_01.ttp.aco.txt
16616.243235
15984.354498
17323.972384
13720.832194
13720.832194
17323.972384
18096.083659
14774.378256
15984.205072
16616.367062
16608.625716
16035.981023
15984.354498
16616.243235
17325.744296
13705.718185
13707.523643
17323.800625
18206.913224
14749.960179
16616.367062
15984.205072
16611.782971
15987.536663
16604.041625
16039.312614
17323.800625
13707.523643
14774.378256
18096.083659
13705.718185
17325.744296
14749.960179
18206.913224
16039.312614
16604.041625
13719.026736
17325.916055
17325.916055
13719.026736
16035.981023
16608.625716
15987.686089
16611.659144
15987.536663
16611.782971
16611.659144
15987.686089
eil76_n375_bounded-strongly-corr_01.ttp.con.txt
17325.744296
13705.718185
17325.916055
13719.026736
16611.659144
15987.686089
13705.718185
17325.744296
15984.205072
16616.367062
16608.625716
16035.981023
18096.083659
14774.378256
14749.960179
18206.913224
16616.367062
15984.205072
16035.981023
16608.625716
13720.832194
17323.972384
16616.243235
15984.354498
15987.536663
16611.782971
13707.523643
17323.800625
14774.378256
18096.083659
17323.972384
13720.832194
17323.800625
13707.523643
16604.041625
16039.312614
16039.312614
16604.041625
18206.913224
14749.960179
15987.686089
16611.659144
15984.354498
16616.243235
13719.026736
17325.916055
16611.782971
15987.536663
eil76_n375_bounded-strongly-corr_01.ttp.inv.txt
17990.428325
14643.405960
15736.663880
17355.182993
14774.378256
18096.083659
16278.105761
16488.307536
16743.903686
16133.170974
14723.207548
16730.920422
17943.707517
14809.735349
17891.276429
15853.932561
17931.283877
13213.701547
13603.421645
17104.511455
13253.753787
18063.468312
16920.643666
15919.800573
13484.415311
17073.525291
16130.606063
16692.339953
14138.283249
16130.447454
16713.757955
16028.219044
13194.967978
17879.754951
17818.543798
13198.868279
16055.277817
16652.521480
13668.256173
14827.605991
14749.960179
18206.913224
13431.095545
17628.392027
18047.476096
14484.574531
13958.350136
16578.769127
16035.981023
16608.625716
16699.318502
14944.805805
16061.828321
16650.368091
15976.868400
16758.406857
14562.213786
16207.086071
14914.849411
15582.549185
16208.115195
16375.780384
15964.906413
16610.027038
17323.972384
13720.832194
16105.474600
17000.361246
18186.344949
14697.523249
16860.857383
17846.513805
16721.865878
17628.265730
16409.145799
15373.260364
15877.575955
13491.858812
15655.550178
13334.107803
15937.468370
16611.403835
13707.523643
17323.800625
17871.768256
14698.665021
17041.725576
15824.239437
16368.286609
16243.400922
13950.482930
17172.668637
13303.003057
17116.239105
17762.092106
14717.308959
15984.354498
16616.243235
16847.598294
17655.269515
15488.965909
16734.739730
16801.339192
17871.093191
16135.420094
15866.410563
17843.179858
16864.837642
13470.351120
17893.915262
13078.249486
17718.136047
15869.547122
17850.305089
16900.177633
16004.833576
15984.205072
16616.367062
14507.121301
18027.233930
16911.482225
15884.585158
13984.844552
16175.610330
17011.437581
15410.697848
16660.042569
16004.013452
16076.559501
17001.738043
17920.570386
14724.139658
16658.011424
16010.335158
15087.078855
17661.634777
16285.148770
16486.169755
16582.600410
15766.723668
17834.542415
13202.611312
16561.372394
15145.289247
17001.738043
16076.559501
14548.434115
18039.912500
18095.240815
14531.528911
16245.206754
16062.929890
16176.672323
16377.156187
14668.577334
18099.626896
15297.885296
16733.597406
16608.625716
16035.981023
16611.403835
15937.468370
17950.222732
13188.209301
16890.306599
15654.381670
13177.591549
17881.076743
16667.382957
15979.877475
16448.573339
15378.872380
13456.822970
17034.477664
16610.027038
15964.906413
18202.883968
14690.907675
13202.014658
17832.508179
17056.644777
15892.666074
16543.716576
16395.286748
13969.196872
17034.690587
17600.334218
14614.611035
13155.293968
17562.683825
14581.603467
18037.016407
17323.800625
13707.523643
17917.543268
14813.537798
16377.156187
16176.672323
17607.684955
15749.057664
eil76_n375_bounded-strongly-corr_01.ttp.lkh.txt
16616.367062
15984.205072
18096.083659
14774.378256
17323.972384
13720.832194
17323.800625
13707.523643
18206.913224
14749.960179
15984.354498
16616.243235
16616.243235
15984.354498
15984.205072
16616.367062
15987.686089
16611.659144
17325.916055
13719.026736
15987.536663
16611.782971
13720.832194
17323.972384
16035.981023
16608.625716
17082.731389
16884.402590
16611.782971
15987.536663
17325.744296
13705.718185
13705.718185
17325.744296
16039.312614
16604.041625
16608.625716
16035.981023
14774.378256
18096.083659
16611.659144
15987.686089
14749.960179
18206.913224
13719.026736
17325.916055
16604.041625
16039.312614
13707.523643
17323.800625
eil76_n375_bounded-strongly-corr_01.ttp.lkh2.txt
16604.041625
16039.312614
16611.659144
15987.686089
16611.782971
15987.536663
18206.913224
14749.960179
17325.744296
13705.718185
17323.972384
13720.832194
16608.625716
16035.981023
16616.243235
15984.354498
17323.800625
13707.523643
17325.916055
13719.026736
18096.083659
14774.378256
16616.367062
15984.205072
eil76_n375_bounded-strongly-corr_06.ttp.aco.txt
46310.653426
52876.998129
56762.344713
39603.769574
39603.769574
56762.344713
58929.349510
45732.649250
52915.079317
46309.867022
46283.973350
53047.709002
52876.998129
46310.653426
56763.985442
39602.534190
39596.411624
56770.279513
59194.636471
45751.936467
46309.867022
52915.079317
46360.262470
52922.614695
46334.215959
53055.244380
56770.279513
39596.411624
45732.649250
58929.349510
39602.534190
56763.985442
45751.936467
59194.636471
53055.244380
46334.215959
39609.892140
56756.050642
56756.050642
39609.892140
53047.709002
46283.973350
52884.533507
46360.896035
52922.614695
46360.262470
46360.896035
52884.533507
eil76_n375_bounded-strongly-corr_06.ttp.con.txt
56763.985442
39602.534190
56756.050642
39609.892140
46360.896035
52884.533507
39602.534190
56763.985442
52915.079317
46309.867022
46283.973350
53047.709002
58929.349510
45732.649250
45751.936467
59194.636471
46309.867022
52915.079317
53047.709002
46283.973350
39603.769574
56762.344713
46310.653426
52876.998129
52922.614695
46360.262470
39596.411624
56770.279513
45732.649250
58929.349510
56762.344713
39603.769574
56770.279513
39596.411624
46334.215959
53055.244380
53055.244380
46334.215959
59194.636471
45751.936467
52884.533507
46360.896035
52876.998129
46310.653426
39609.892140
56756.050642
46360.262470
52922.614695
eil76_n375_bounded-strongly-corr_06.ttp.inv.txt
57892.972472
45118.751524
38581.476910
50327.655073
45732.649250
58929.349510
51112.647672
46428.539933
58869.890458
47020.672422
45506.745548
49265.840853
60030.145663
45616.499584
56660.576477
39909.229254
54344.711815
36229.287286
38678.746648
56019.032590
36358.714352
57704.481815
60337.472056
49994.125997
38418.073209
55560.725030
43847.129701
44471.505130
43956.470270
41954.282939
46718.675183
47363.508941
36520.164797
56736.532975
56614.614891
36327.344646
52956.578507
46394.424593
40922.430395
50378.314300
45751.936467
59194.636471
38512.871600
55127.843538
57876.839251
44710.907025
40277.386904
53847.858890
53047.709002
46283.973350
47350.932131
49349.278643
52959.782581
46370.940522
50922.707167
46984.344439
41057.022908
42848.266872
47162.032498
40359.068106
51444.670793
46935.712808
52950.938746
46242.087939
56762.344713
39603.769574
50755.475920
61027.287239
58798.350798
45575.255429
51003.852763
60812.754595
50454.185851
60345.689539
45081.218951
49291.553378
53385.398115
39241.437831
53140.868726
38960.558420
52855.197123
46256.198719
39596.411624
56770.279513
60990.565680
45201.275937
53097.689975
52308.338353
46878.101692
50904.480211
45052.179746
51909.165343
37606.217777
57724.745870
61217.890973
44523.641249
52876.998129
46310.653426
49198.499622
62783.011875
50722.709952
46890.648908
50898.216812
60190.281951
54588.944976
40005.862414
60799.911507
51000.126667
38304.384435
57910.506016
35877.196497
56106.297461
39459.227890
56518.758354
53009.339027
40443.879497
52915.079317
46309.867022
44618.405337
57903.381023
57341.987760
52096.256138
42781.357671
42719.538425
61475.666579
43926.447112
46421.104669
52784.063540
50663.507469
61041.223412
59363.034330
45414.934832
46396.834194
52826.205708
44836.411333
60632.526103
51106.567715
46420.674207
47516.263886
46805.445954
56608.911477
36546.911194
49976.115215
53355.201585
61041.223412
50663.507469
44909.806221
58447.429847
58140.725554
44828.076958
50737.609864
45885.374146
51307.883358
46949.717797
45275.567261
58850.572651
56215.563708
49329.346879
46283.973350
53047.709002
46256.198719
52855.197123
56647.833433
37940.742340
60606.031605
46412.047115
36571.309064
56735.819816
46447.059549
52619.154541
44841.052920
50379.558928
37950.565307
54565.478523
46242.087939
52950.938746
58788.160048
45635.648657
36542.443874
56601.384262
52846.222767
40493.313449
45597.842838
48428.833946
42270.021258
52240.365025
60119.314344
40965.264306
36360.675265
56637.316687
45121.906815
60740.298102
56770.279513
39596.411624
60191.064088
45633.100059
46949.717797
51307.883358
53005.924532
40320.499067
eil76_n375_bounded-strongly-corr_06.ttp.lkh.txt
46309.867022
52915.079317
58929.349510
45732.649250
56762.344713
39603.769574
56770.279513
39596.411624
59194.636471
45751.936467
52876.998129
46310.653426
46310.653426
52876.998129
52915.079317
46309.867022
52884.533507
46360.896035
56756.050642
39609.892140
52922.614695
46360.262470
39603.769574
56762.344713
53047.709002
46283.973350
61484.654918
47703.828226
46360.262470
52922.614695
56763.985442
39602.534190
39602.534190
56763.985442
53055.244380
46334.215959
46283.973350
53047.709002
45732.649250
58929.349510
46360.896035
52884.533507
45751.936467
59194.636471
39609.892140
56756.050642
46334.215959
53055.244380
39596.411624
56770.279513
eil76_n375_bounded-strongly-corr_06.ttp.lkh2.txt
46334.215959
53055.244380
46360.896035
52884.533507
46360.262470
52922.614695
59194.636471
45751.936467
56763.985442
39602.534190
56762.344713
39603.769574
46283.973350
53047.709002
46310.653426
52876.998129
56770.279513
39596.411624
56756.050642
39609.892140
58929.349510
45732.649250
46309.867022
52915.079317
eil76_n375_uncorr-similar-weights_01.ttp.aco.txt
9785.999013
9913.121258
10942.345940
6473.586025
6473.586025
10942.345940
10959.787659
9666.196079
9913.121258
9785.999013
9785.999013
9938.750046
9913.121258
9785.999013
10942.345940
6473.586025
6473.586025
10942.345940
10842.051979
9627.043034
9785.999013
9913.121258
9794.101322
9913.121258
9794.101322
9938.750046
10942.345940
6473.586025
9666.196079
10959.787659
6473.586025
10942.345940
9627.043034
10842.051979
9938.750046
9794.101322
6473.586025
10942.345940
10942.345940
6473.586025
9938.750046
9785.999013
9913.121258
9794.101322
9913.121258
9794.101322
9794.101322
9913.121258
eil76_n375_uncorr-similar-weights_01.ttp.con.txt
10942.345940
6473.586025
10942.345940
6473.586025
9794.101322
9913.121258
6473.586025
10942.345940
9913.121258
9785.999013
9785.999013
9938.750046
10959.787659
9666.196079
9627.043034
10842.051979
9785.999013
9913.121258
9938.750046
9785.999013
6473.586025
10942.345940
9785.999013
9913.121258
9913.121258
9794.101322
6473.586025
10942.345940
9666.196079
10959.787659
10942.345940
6473.586025
10942.345940
6473.586025
9794.101322
9938.750046
9938.750046
9794.101322
10842.051979
9627.043034
9913.121258
9794.101322
9913.121258
9785.999013
6473.586025
10942.345940
9794.101322
9913.121258
eil76_n375_uncorr-similar-weights_01.ttp.inv.txt
10679.641890
9596.896079
9956.864889
7708.830118
9666.196079
10959.787659
10126.072659
9318.362091
10855.067347
10312.657960
9170.191017
9447.869117
10504.124737
9643.096079
11017.647755
8114.786663
10042.598527
6793.438773
6390.607232
10534.763834
6808.105912
10551.193691
11158.429941
10166.849401
6341.768313
10826.845940
10507.549494
7117.921866
8464.296827
7635.116975
9222.287199
8406.030409
6831.205912
11056.736493
11143.588425
6797.656400
10026.875856
9471.417967
6360.290450
10231.851817
9627.043034
10842.051979
6441.242167
10116.612825
10708.841116
9505.520076
6694.527098
10171.846179
9938.750046
9785.999013
8714.234705
9977.197916
10022.141690
9471.417967
10210.939382
9243.173024
7297.521556
8745.845211
8501.979067
7889.307660
10136.921122
9598.141599
10046.996561
9756.686187
10942.345940
6473.586025
10245.952313
10543.773024
10775.693379
9612.033683
8451.887563
10266.906147
8382.587563
10090.230780
9543.091376
9729.354815
10462.821736
6348.625505
9986.153018
6567.856402
10037.197087
9756.686187
6473.586025
10942.345940
10488.234621
9596.896079
9514.461398
10111.252896
9620.920078
9982.507741
8420.745886
8440.627336
6567.149046
10451.329631
10293.870198
8671.260002
9913.121258
9785.999013
8347.291012
10447.925423
9609.119247
9235.594714
8427.537548
10262.967646
9950.143174
8129.415408
10266.906147
8451.887563
6714.622055
10521.448325
6751.456400
11077.754992
8081.346410
11125.504705
8482.552158
9935.302387
9913.121258
9785.999013
9453.688239
11734.776650
9804.638181
10177.132885
8247.170580
7810.595124
11043.731808
9760.319419
9471.417967
9999.458212
10236.149401
10543.773024
10773.366874
9619.996079
9471.417967
9994.724047
9875.313943
10235.321145
10113.059978
9318.362091
9290.768701
9651.102775
11032.717750
6831.205912
8312.037548
9536.924699
10543.773024
10236.149401
9532.337388
10778.705926
11757.876650
9483.496791
9439.845726
7168.016789
10125.581901
9598.141599
9607.880422
10795.851979
9863.412550
8310.133103
9785.999013
9938.750046
9756.686187
10037.197087
10471.790314
6810.383951
10951.331808
9254.088383
6842.344382
11056.736493
9449.862220
10066.962387
9563.268908
9562.087499
6288.366821
10588.986541
9756.686187
10046.996561
10777.039436
9619.209434
6831.205912
11032.717750
10119.962269
7533.548461
9873.662127
7689.093835
8336.777950
8558.018338
10199.996247
9366.179989
6363.129014
10290.538434
9654.131776
10389.132314
10942.345940
6473.586025
10471.978044
9643.096079
9598.141599
10125.581901
8605.719643
10283.409088
eil76_n375_uncorr-similar-weights_01.ttp.lkh.txt
9785.999013
9913.121258
10959.787659
9666.196079
10942.345940
6473.586025
10942.345940
6473.586025
10842.051979
9627.043034
9913.121258
9785.999013
9785.999013
9913.121258
9913.121258
9785.999013
9913.121258
9794.101322
10942.345940
6473.586025
9913.121258
9794.101322
6473.586025
10942.345940
9938.750046
9785.999013
11066.831808
9908.949866
9794.101322
9913.121258
10942.345940
6473.586025
6473.586025
10942.345940
9938.750046
9794.101322
9785.999013
9938.750046
9666.196079
10959.787659
9794.101322
9913.121258
9627.043034
10842.051979
6473.586025
10942.345940
9794.101322
9938.750046
6473.586025
10942.345940
eil76_n375_uncorr-similar-weights_01.ttp.lkh2.txt
9794.101322
9938.750046
9794.101322
9913.121258
9794.101322
9913.121258
10842.051979
9627.043034
10942.345940
6473.586025
10942.345940
6473.586025
9785.999013
9938.750046
9785.999013
9913.121258
10942.345940
6473.586025
10942.345940
6473.586025
10959.787659
9666.196079
9785.999013
9913.121258
eil76_n375_uncorr-similar-weights_06.ttp.aco.txt
10635.856740
18810.543018
17782.780114
8430.966779
8430.966779
17782.780114
18545.850682
12709.719080
18802.594520
10637.844593
10609.605859
18943.278291
18810.543018
10635.856740
17790.467101
8419.382505
8405.565006
17804.446116
18022.131079
12962.937029
10637.844593
18802.594520
10660.605983
18792.419891
10632.039003
18933.103663
17804.446116
8405.565006
12709.719080
18545.850682
8419.382505
17790.467101
12962.937029
18022.131079
18933.103663
10632.039003
8444.784278
17768.801100
17768.801100
8444.784278
18943.278291
10609.605859
18800.368389
10658.618130
18792.419891
10660.605983
10658.618130
18800.368389
eil76_n375_uncorr-similar-weights_06.ttp.con.txt
17790.467101
8419.382505
17768.801100
8444.784278
10658.618130
18800.368389
8419.382505
17790.467101
18802.594520
10637.844593
10609.605859
18943.278291
18545.850682
12709.719080
12962.937029
18022.131079
10637.844593
18802.594520
18943.278291
10609.605859
8430.966779
17782.780114
10635.856740
18810.543018
18792.419891
10660.605983
8405.565006
17804.446116
12709.719080
18545.850682
17782.780114
8430.966779
17804.446116
8405.565006
10632.039003
18933.103663
18933.103663
10632.039003
18022.131079
12962.937029
18800.368389
10658.618130
18810.543018
10635.856740
8444.784278
17768.801100
10660.605983
18792.419891
eil76_n375_uncorr-similar-weights_06.ttp.inv.txt
17685.446954
12373.721521
10846.341038
13171.125349
12709.719080
18545.850682
18660.557359
9021.140503
16556.311140
14002.961891
16237.816480
10922.228802
18508.808121
12742.121983
20280.214447
8360.007211
17717.032995
7434.567807
8097.450837
16941.607783
7290.755197
19001.331314
17086.358653
15029.802850
7607.699341
17152.307856
13920.538663
11020.643896
13628.500915
9509.977526
11270.315573
13520.032139
7096.588567
20677.644264
20682.280361
6805.572863
19681.464793
9265.823386
7913.488631
16808.871401
12962.937029
18022.131079
8318.411465
17369.011993
16993.992435
12266.456278
9780.940791
14202.032028
18943.278291
10609.605859
9119.994406
16964.601370
19678.040544
9264.858715
18266.675903
8985.789778
10936.638253
11992.115444
15511.900001
8580.397775
17920.469347
10203.433523
18932.886133
10339.399855
17782.780114
8430.966779
15799.390459
17320.191273
18010.735440
12735.820132
12345.561445
18289.373299
12000.867891
17623.420633
9550.004269
17065.762990
17781.943323
8062.717950
17498.338915
7146.957156
18882.083235
10345.111549
8405.565006
17804.446116
18875.665685
12437.010606
11957.152813
18269.837122
10470.380899
17810.960124
12502.725026
13513.370389
7143.390465
17943.178471
18572.947301
12266.342411
18810.543018
10635.856740
11436.434264
18701.172175
16497.103515
9714.892827
12555.605521
17631.161744
18913.677075
8502.773403
18301.342589
12328.663766
7484.648102
18533.734903
6396.266804
20508.543610
8009.613024
20400.619815
13365.670049
12845.973756
18802.594520
10637.844593
11402.481461
18629.586148
12537.610569
17996.721809
13888.322186
9872.715582
18048.952560
13630.184756
9292.616254
19548.716515
15756.670784
17325.958811
18369.630036
12464.708776
9293.627620
19537.252537
12950.494275
17461.832569
18656.681836
9014.069369
10639.774290
16039.145936
20540.513272
7128.221787
12157.975967
15844.601760
17325.958811
15756.670784
12231.300300
17319.369750
18796.483143
11550.486371
14794.126769
10750.890475
17876.014245
10208.929187
12354.504303
17892.825411
17595.244493
11797.247970
10609.605859
18943.278291
10345.111549
18882.083235
17437.921350
8329.112875
17841.079355
12503.576171
7120.734831
20686.615278
9105.115751
19481.532175
9714.143069
16805.267695
7679.543438
16585.755231
10339.399855
18932.886133
17846.548877
12968.206775
7128.221787
20559.029538
14833.373698
8729.552200
14330.379131
12031.413045
11272.055666
14171.217335
17609.554839
11511.238283
7674.209397
17164.264374
12017.287176
18945.640264
17804.446116
8405.565006
18765.353360
12729.574544
10208.929187
17876.014245
14201.809692
12240.348455
eil76_n375_uncorr-similar-weights_06.ttp.lkh.txt
10637.844593
18802.594520
18545.850682
12709.719080
17782.780114
8430.966779
17804.446116
8405.565006
18022.131079
12962.937029
18810.543018
10635.856740
10635.856740
18810.543018
18802.594520
10637.844593
18800.368389
10658.618130
17768.801100
8444.784278
18792.419891
10660.605983
8430.966779
17782.780114
18943.278291
10609.605859
18160.192452
14087.317164
10660.605983
18792.419891
17790.467101
8419.382505
8419.382505
17790.467101
18933.103663
10632.039003
10609.605859
18943.278291
12709.719080
18545.850682
10658.618130
18800.368389
12962.937029
18022.131079
8444.784278
17768.801100
10632.039003
18933.103663
8405.565006
17804.446116
eil76_n375_uncorr-similar-weights_06.ttp.lkh2.txt
10632.039003
18933.103663
10658.618130
18800.368389
10660.605983
18792.419891
18022.131079
12962.937029
17790.467101
8419.382505
17782.780114
8430.966779
10609.605859
18943.278291
10635.856740
18810.543018
17804.446116
8405.565006
17768.801100
8444.784278
18545.850682
12709.719080
10637.844593
18802.594520
eil76_n375_uncorr_01.ttp.aco.txt
12477.270174
13048.051177
12854.825405
11060.247314
11060.247314
12854.825405
14122.752455
11575.455579
13040.879166
12479.562666
12466.948818
13016.559923
13048.051177
12477.270174
12857.967383
11050.760952
11050.760952
12857.967383
14117.910263
11502.476791
12479.562666
13040.879166
12481.406065
13039.803200
12468.792218
13015.483958
12857.967383
11050.760952
11575.455579
14122.752455
11050.760952
12857.967383
11502.476791
14117.910263
13015.483958
12468.792218
11060.247314
12854.825405
12854.825405
11060.247314
13016.559923
12466.948818
13046.975211
12479.113574
13039.803200
12481.406065
12479.113574
13046.975211
eil76_n375_uncorr_01.ttp.con.txt
12857.967383
11050.760952
12854.825405
11060.247314
12479.113574
13046.975211
11050.760952
12857.967383
13040.879166
12479.562666
12466.948818
13016.559923
14122.752455
11575.455579
11502.476791
14117.910263
12479.562666
13040.879166
13016.559923
12466.948818
11060.247314
12854.825405
12477.270174
13048.051177
13039.803200
12481.406065
11050.760952
12857.967383
11575.455579
14122.752455
12854.825405
11060.247314
12857.967383
11050.760952
12468.792218
13015.483958
13015.483958
12468.792218
14117.910263
11502.476791
13046.975211
12479.113574
13048.051177
12477.270174
11060.247314
12854.825405
12481.406065
13039.803200
eil76_n375_uncorr_01.ttp.inv.txt
13722.403521
11430.539321
12139.497632
11777.509655
11575.455579
14122.752455
13170.838797
11586.786585
11816.385145
11778.265702
12000.803624
12304.305012
13604.664052
11535.483163
13485.942716
11488.470627
12643.651752
10911.643271
11118.694388
11728.944015
10813.260310
13337.939011
11692.216563
12083.809052
10729.084407
12631.210766
11257.449859
12602.778963
10622.600549
11676.622566
12575.087166
10951.683532
10702.984974
13493.125388
13883.586392
10288.961828
13135.499546
11827.661696
11116.698346
11530.535618
11502.476791
14117.910263
10674.114986
13360.592905
13997.665682
11127.311258
10888.112383
12254.746382
13016.559923
12466.948818
12213.472089
10610.129869
13152.649583
11814.707015
13527.994248
11001.424315
9834.254818
12494.182039
12627.316242
11242.831600
13391.872914
11831.133211
13415.678556
12088.243559
12854.825405
11060.247314
12302.202786
12713.575899
14142.623098
11430.949534
11275.079623
13095.361150
11097.578896
13144.837945
12273.823344
11728.598608
12086.840652
11202.370882
12331.843242
10321.434204
13403.693225
12098.536654
11050.760952
12857.967383
13704.778492
11411.606516
10921.520202
13663.584487
12141.938019
12998.630437
10488.479117
12611.498596
10310.303434
13085.362068
13423.658537
11676.020021
13048.051177
12477.270174
10628.644683
13657.461142
13140.795914
10576.210216
11127.593200
13156.035270
12460.008128
11594.304185
13096.514358
11273.550984
10372.994712
13523.847791
10207.283476
13714.701927
11013.881281
13818.082845
12091.558692
12608.461711
13040.879166
12479.562666
11162.190925
13316.907317
11222.388697
13371.470134
10642.493255
11895.188617
12348.552053
11982.252650
11837.685493
13169.827874
12291.049424
12723.868995
13277.755902
11534.081557
11826.956075
13179.174003
11378.102584
13268.755437
13188.959667
11574.032358
12877.714302
10557.837210
13516.937056
10715.812324
10955.111122
11888.326812
12723.868995
12291.049424
11297.562736
13981.001076
13376.913758
11220.186456
11871.273698
11632.633985
13378.180005
11841.274029
11366.621405
14015.117303
12847.276815
10529.796215
12466.948818
13016.559923
12098.536654
13403.693225
13559.638195
10137.052660
12111.830518
11947.132772
10699.400535
13482.624189
11685.556360
13474.859075
12212.870590
11784.823870
10804.945208
12179.130241
12088.243559
13415.678556
14176.939478
11385.693081
10715.812324
13507.494169
12431.017402
11447.125145
12212.797194
12182.679364
9971.288744
12966.890751
13228.490301
10749.836406
10364.827327
12730.962484
11600.428848
12780.433997
12857.967383
11050.760952
13779.842202
11489.685155
11841.274029
13378.180005
12473.530420
11933.193322
eil76_n375_uncorr_01.ttp.lkh.txt
12479.562666
13040.879166
14122.752455
11575.455579
12854.825405
11060.247314
12857.967383
11050.760952
14117.910263
11502.476791
13048.051177
12477.270174
12477.270174
13048.051177
13040.879166
12479.562666
13046.975211
12479.113574
12854.825405
11060.247314
13039.803200
12481.406065
11060.247314
12854.825405
13016.559923
12466.948818
12391.793640
12637.459310
12481.406065
13039.803200
12857.967383
11050.760952
11050.760952
12857.967383
13015.483958
12468.792218
12466.948818
13016.559923
11575.455579
14122.752455
12479.113574
13046.975211
11502.476791
14117.910263
11060.247314
12854.825405
12468.792218
13015.483958
11050.760952
12857.967383
eil76_n375_uncorr_01.ttp.lkh2.txt
12468.792218
13015.483958
12479.113574
13046.975211
12481.406065
13039.803200
14117.910263
11502.476791
12857.967383
11050.760952
12854.825405
11060.247314
12466.948818
13016.559923
12477.270174
13048.051177
12857.967383
11050.760952
12854.825405
11060.247314
14122.752455
11575.455579
12479.562666
13040.879166
eil76_n375_uncorr_06.ttp.aco.txt
19229.176822
28423.704640
22819.275800
21647.867103
21647.867103
22819.275800
26246.420120
24133.025332
28425.201382
19225.409848
19220.769571
28531.159552
28423.704640
19229.176822
22827.728693
21637.300504
21635.996101
22831.628969
26162.414282
24125.067059
19225.409848
28425.201382
19218.515461
28429.098732
19213.875185
28535.056901
22831.628969
21635.996101
24133.025332
26246.420120
21637.300504
22827.728693
24125.067059
26162.414282
28535.056901
19213.875185
21649.171506
22815.375525
22815.375525
21649.171506
28531.159552
19220.769571
28427.601990
19222.282436
28429.098732
19218.515461
19222.282436
28427.601990
eil76_n375_uncorr_06.ttp.con.txt
22827.728693
21637.300504
22815.375525
21649.171506
19222.282436
28427.601990
21637.300504
22827.728693
28425.201382
19225.409848
19220.769571
28531.159552
26246.420120
24133.025332
24125.067059
26162.414282
19225.409848
28425.201382
28531.159552
19220.769571
21647.867103
22819.275800
19229.176822
28423.704640
28429.098732
19218.515461
21635.996101
22831.628969
24133.025332
26246.420120
22819.275800
21647.867103
22831.628969
21635.996101
19213.875185
28535.056901
28535.056901
19213.875185
26162.414282
24125.067059
28427.601990
19222.282436
28423.704640
19229.176822
21649.171506
22815.375525
19218.515461
28429.098732
eil76_n375_uncorr_06.ttp.inv.txt
25629.503873
23777.153934
17211.288750
23650.327526
24133.025332
26246.420120
25756.499996
21922.427671
23069.534935
25549.876613
20576.885165
22950.742973
25262.439908
24148.858090
29086.215133
17012.913388
27253.183740
16411.562405
21311.870035
22733.386294
16351.128757
28511.380252
23043.160187
26826.527598
21109.329597
21968.095102
21057.908131
21554.145107
18857.224072
22486.065077
23252.323060
19160.159528
16280.463767
29310.979558
29398.851010
15844.198480
27764.767619
20591.586234
21121.650778
20942.157138
24125.067059
26162.414282
20924.175098
22355.768138
25166.044334
23390.020047
20046.880384
21488.095731
28531.159552
19220.769571
22837.183142
20265.482452
27758.893984
20590.361118
26109.083634
20974.731471
16935.787578
24210.232239
24447.930159
18515.251422
26709.878854
20426.100541
28628.415680
18808.118606
22819.275800
21647.867103
27074.930430
23160.741102
25697.988417
23985.408492
19293.004911
28381.294370
18848.405871
27542.662526
19095.079594
26145.078946
21849.346866
21280.779030
22539.902482
19299.104279
28578.811687
18817.458924
21635.996101
22831.628969
25484.171555
23730.301585
21397.365359
27446.835799
20853.261915
26480.974259
19384.693052
23358.127014
19101.974020
23718.625733
27984.819192
19085.373498
28423.704640
19229.176822
18441.478633
28523.410521
23414.594753
21525.875783
19800.478483
27482.176140
27930.179259
17211.557385
28377.203335
19298.689397
18615.083120
26402.773257
15597.899933
29033.405494
16541.208022
29248.320422
20183.309421
23339.208874
28425.201382
19225.409848
23734.308439
25989.358948
23156.787634
26855.845588
19602.106908
22482.268534
22203.980513
26966.210158
20599.993484
27657.620626
27027.960783
23170.081419
25977.183656
24023.390475
20595.001395
27653.239711
20887.392254
27649.720491
25750.381820
21916.351134
23256.866369
20864.464366
29205.552445
16285.116774
19256.845228
25337.467826
23170.081419
27027.960783
23454.129386
25507.196460
26087.069902
23922.037140
24173.577176
18851.820001
26648.960239
20435.071235
23771.369531
25922.165476
26297.172048
19061.032338
19220.769571
28531.159552
18817.458924
28578.811687
25464.327653
19215.671982
21673.063353
25042.657711
16272.089581
29319.135937
20217.962079
27804.417531
18608.578358
26780.653039
20922.602525
22034.897919
18808.118606
28628.415680
25858.245354
23829.239993
16283.847960
29209.844213
21197.037730
20745.475450
24086.900649
19277.359524
18059.519595
23974.081143
26473.983551
21161.670175
19440.260755
22315.386139
23834.831381
25455.814759
22831.628969
21635.996101
25401.523478
24124.542736
20435.071235
26648.960239
23439.372476
20917.313878
eil76_n375_uncorr_06.ttp.lkh.txt
19225.409848
28425.201382
26246.420120
24133.025332
22819.275800
21647.867103
22831.628969
21635.996101
26162.414282
24125.067059
28423.704640
19229.176822
19229.176822
28423.704640
28425.201382
19225.409848
28427.601990
19222.282436
22815.375525
21649.171506
28429.098732
19218.515461
21647.867103
22819.275800
28531.159552
19220.769571
22336.151706
27006.470937
19218.515461
28429.098732
22827.728693
21637.300504
21637.300504
22827.728693
28535.056901
19213.875185
19220.769571
28531.159552
24133.025332
26246.420120
19222.282436
28427.601990
24125.067059
26162.414282
21649.171506
22815.375525
19213.875185
28535.056901
21635.996101
22831.628969
eil76_n375_uncorr_06.ttp.lkh2.txt
19213.875185
28535.056901
19222.282436
28427.601990
19218.515461
28429.098732
26162.414282
24125.067059
22827.728693
21637.300504
22819.275800
21647.867103
19220.769571
28531.159552
19229.176822
28423.704640
22831.628969
21635.996101
22815.375525
21649.171506
26246.420120
24133.025332
19225.409848
28425.201382
eil76_n750_bounded-strongly-corr_01.ttp.aco.txt
31668.796503
30693.870629
32914.364725
27625.120124
27625.120124
32914.364725
33435.723529
29443.100936
30694.270177
31668.484109
31668.019745
30743.769273
30693.870629
31668.796503
32913.868536
27615.407842
27614.793499
32911.837406
33598.780890
29382.573862
31668.484109
30694.270177
31665.629763
30696.397867
31665.165398
30745.896963
32911.837406
27614.793499
29443.100936
33435.723529
27615.407842
32913.868536
29382.573862
33598.780890
30745.896963
31665.165398
27625.734466
32916.383368
32916.383368
27625.734466
30743.769273
31668.019745
30695.998319
31665.942157
30696.397867
31665.629763
31665.942157
30695.998319
eil76_n750_bounded-strongly-corr_01.ttp.con.txt
32913.868536
27615.407842
32916.383368
27625.734466
31665.942157
30695.998319
27615.407842
32913.868536
30694.270177
31668.484109
31668.019745
30743.769273
33435.723529
29443.100936
29382.573862
33598.780890
31668.484109
30694.270177
30743.769273
31668.019745
27625.120124
32914.364725
31668.796503
30693.870629
30696.397867
31665.629763
27614.793499
32911.837406
29443.100936
33435.723529
32914.364725
27625.120124
32911.837406
27614.793499
31665.165398
30745.896963
30745.896963
31665.165398
33598.780890
29382.573862
30695.998319
31665.942157
30693.870629
31668.796503
27625.734466
32916.383368
31665.629763
30696.397867
eil76_n750_bounded-strongly-corr_01.ttp.inv.txt
33119.554095
29178.047892
30446.219758
32741.301224
29443.100936
33435.723529
30700.295444
31209.974223
31541.357273
30401.093358
29196.790618
31710.660483
33180.297247
29438.409949
33600.131303
31020.346908
33230.656976
27153.687810
27381.834558
32393.516639
27174.605515
33846.855362
31772.374297
30430.236871
27119.894955
32420.826555
31517.876583
31367.570206
27766.825325
31007.043295
31312.952002
29533.501869
27188.627158
33639.153731
33460.013802
27220.566376
30758.036025
31412.691738
27515.013210
29422.873904
29382.573862
33598.780890
27295.489102
32686.821255
33146.922936
28836.556617
27308.612053
31750.621810
30743.769273
31668.019745
31241.249843
28936.183246
30767.752202
31408.426880
30403.656490
31290.976205
26609.014233
31130.680559
28852.420762
30707.681674
30567.579713
31503.186072
30584.185721
31690.930706
32914.364725
27625.120124
30784.464132
32369.645465
33494.301080
29271.684319
32640.080651
32977.601005
32363.562987
32594.399316
31089.829282
29843.229390
30563.222698
27238.629724
29862.104880
27193.648893
30555.900044
31689.175783
27614.793499
32911.837406
33003.369410
29231.942169
31786.060335
30520.358353
31479.946508
30699.841036
27737.935280
32499.040702
27120.817263
32398.740646
32965.971633
29082.756128
30693.870629
31668.796503
32621.037549
32673.041007
29315.138471
31186.601289
32570.166649
32936.073646
30878.805901
31022.482214
32975.396795
32642.567947
27634.048294
32966.485630
26998.992649
33253.843184
31057.327608
33435.174400
32989.318017
30715.846474
30694.270177
31668.484109
28824.094538
33025.458071
32117.950048
30463.594358
27462.271159
31278.215553
32461.936380
29948.435739
31413.465888
30708.267676
30757.043304
32367.890542
33089.125413
29323.750138
31408.889666
30718.247246
29005.652997
33037.418247
30710.450280
31208.681896
31344.973077
29605.870053
33592.696604
27189.089944
32125.017347
29130.973797
32367.890542
30757.043304
28952.651164
33221.898545
33142.137073
28912.772779
30097.907747
30665.358123
30537.458345
31501.449702
29209.622398
33392.401952
29466.656847
32522.390998
31668.019745
30743.769273
31689.175783
30555.900044
33234.466437
27313.766674
32185.393149
29477.734421
27185.145929
33639.011073
31425.060978
30615.787865
31183.491145
29806.385408
27022.576587
32382.274405
31690.930706
30584.185721
33508.272224
29264.394474
27188.479554
33590.437354
31962.734071
30699.392111
31578.434654
31872.141565
27757.327687
32343.162856
32572.704881
28876.032828
26821.001293
32847.072345
29166.088889
33005.543295
32911.837406
27614.793499
33153.249323
29444.728021
31501.449702
30537.458345
32960.555591
30890.142531
eil76_n750_bounded-strongly-corr_01.ttp.lkh.txt
31668.484109
30694.270177
33435.723529
29443.100936
32914.364725
27625.120124
32911.837406
27614.793499
33598.780890
29382.573862
30693.870629
31668.796503
31668.796503
30693.870629
30694.270177
31668.484109
30695.998319
31665.942157
32916.383368
27625.734466
30696.397867
31665.629763
27625.120124
32914.364725
30743.769273
31668.019745
32577.834476
31021.996627
31665.629763
30696.397867
32913.868536
27615.407842
27615.407842
32913.868536
30745.896963
31665.165398
31668.019745
30743.769273
29443.100936
33435.723529
31665.942157
30695.998319
29382.573862
33598.780890
27625.734466
32916.383368
31665.165398
30745.896963
27614.793499
32911.837406
eil76_n750_bounded-strongly-corr_01.ttp.lkh2.txt
31665.165398
30745.896963
31665.942157
30695.998319
31665.629763
30696.397867
33598.780890
29382.573862
32913.868536
27615.407842
32914.364725
27625.120124
31668.019745
30743.769273
31668.796503
30693.870629
32911.837406
27614.793499
32916.383368
27625.734466
33435.723529
29443.100936
31668.484109
30694.270177
eil76_n750_bounded-strongly-corr_06.ttp.aco.txt
76476.197178
100555.896190
87701.701580
73599.801697
73599.801697
87701.701580
102379.390597
85522.108410
100581.502872
76475.076822
76448.238560
100989.048481
100555.896190
76476.197178
87766.840639
73520.421859
73522.314754
87755.570363
103151.328872
85510.022178
76475.076822
100581.502872
76508.258211
100588.156014
76481.419949
100995.701622
87755.570363
73522.314754
85522.108410
102379.390597
73520.421859
87766.840639
85510.022178
103151.328872
100995.701622
76481.419949
73597.919658
87712.958213
87712.958213
73597.919658
100989.048481
76448.238560
100562.549332
76509.378567
100588.156014
76508.258211
76509.378567
100562.549332
eil76_n750_bounded-strongly-corr_06.ttp.con.txt
87766.840639
73520.421859
87712.958213
73597.919658
76509.378567
100562.549332
73520.421859
87766.840639
100581.502872
76475.076822
76448.238560
100989.048481
102379.390597
85522.108410
85510.022178
103151.328872
76475.076822
100581.502872
100989.048481
76448.238560
73599.801697
87701.701580
76476.197178
100555.896190
100588.156014
76508.258211
73522.314754
87755.570363
85522.108410
102379.390597
87701.701580
73599.801697
87755.570363
73522.314754
76481.419949
100995.701622
100995.701622
76481.419949
103151.328872
85510.022178
100562.549332
76509.378567
100555.896190
76476.197178
73597.919658
87712.958213
76508.258211
100588.156014
eil76_n750_bounded-strongly-corr_06.ttp.inv.txt
100851.735850
84294.847238
65200.468406
86973.918619
85522.108410
102379.390597
94073.482822
75877.554561
96737.108953
85986.482882
88689.729946
82355.915347
102667.548216
85170.483438
106089.974090
65716.320972
90141.441872
64333.892290
71979.558873
87248.603501
64555.691418
101231.535715
98805.590028
94033.909369
71224.272366
85292.838202
76685.085246
79452.600076
73529.407581
73370.042664
80215.638940
76026.745899
65020.020063
106502.689501
105882.086804
64117.287402
100220.127556
74562.494284
73697.340130
80432.840331
85510.022178
103151.328872
71624.952796
90748.599438
99487.237283
83498.526687
75989.242916
82127.694777
100989.048481
76448.238560
77022.193739
87223.015641
100230.653487
74528.331119
93484.164660
75685.880378
64268.950149
79997.968441
84300.563646
69159.440327
94878.826787
79440.872302
100383.434479
75851.889938
87701.701580
73599.801697
95569.915625
101413.290722
102366.184093
85061.523987
83385.276019
104566.084492
82221.590774
104081.475659
74472.607568
92861.866853
83821.333102
72693.095872
84868.792363
71175.913801
100067.236865
75865.925094
73522.314754
87755.570363
103483.758687
84342.902090
84618.415215
98812.244956
79641.869209
94227.223454
74441.821881
88887.795227
69283.974889
90890.827120
104914.356466
77349.292729
100555.896190
76476.197178
79919.151407
106186.977666
94115.817720
75825.955939
83499.087113
103100.388391
101418.872514
65826.390785
104557.092628
83363.833277
70318.664594
100971.573613
63257.846223
104732.894414
64429.581399
105510.569971
85813.484223
74041.522280
100581.502872
76475.076822
83682.383078
98666.918386
91449.311217
98197.238847
73495.605695
74733.481318
99391.456349
88636.343530
74590.487930
99786.222902
95264.296531
101427.167617
101208.143043
84798.701104
74557.115916
99823.292433
81182.706610
104210.294460
94043.750324
75861.330010
81161.517849
79848.364923
106113.229633
65046.877832
81657.711560
92980.088089
101427.167617
95264.296531
83860.947783
100131.267777
99111.985542
84159.739241
89027.839974
78791.919029
94419.294098
79454.695583
84352.007726
102379.010097
97961.122846
80569.262361
76448.238560
100989.048481
75865.925094
100067.236865
98338.043929
70658.815408
97611.669586
88720.169962
65055.434104
106531.657923
74377.747893
99450.301283
73865.550396
93569.022635
70492.647579
83133.439290
75851.889938
100383.434479
102308.933145
85285.310754
65046.176011
106133.387122
84450.091827
70557.609673
80877.427473
81570.246222
69195.528941
89672.465782
102553.624594
71331.529376
67158.080427
95850.276767
84257.370650
102739.588007
87755.570363
73522.314754
103400.945930
85194.559484
79454.695583
94419.294098
93303.154277
72867.003767
eil76_n750_bounded-strongly-corr_06.ttp.lkh.txt
76475.076822
100581.502872
102379.390597
85522.108410
87701.701580
73599.801697
87755.570363
73522.314754
103151.328872
85510.022178
100555.896190
76476.197178
76476.197178
100555.896190
100581.502872
76475.076822
100562.549332
76509.378567
87712.958213
73597.919658
100588.156014
76508.258211
73599.801697
87701.701580
100989.048481
76448.238560
99421.532193
90768.050589
76508.258211
100588.156014
87766.840639
73520.421859
73520.421859
87766.840639
100995.701622
76481.419949
76448.238560
100989.048481
85522.108410
102379.390597
76509.378567
100562.549332
85510.022178
103151.328872
73597.919658
87712.958213
76481.419949
100995.701622
73522.314754
87755.570363
eil76_n750_bounded-strongly-corr_06.ttp.lkh2.txt
76481.419949
100995.701622
76509.378567
100562.549332
76508.258211
100588.156014
103151.328872
85510.022178
87766.840639
73520.421859
87701.701580
73599.801697
76448.238560
100989.048481
76476.197178
100555.896190
87755.570363
73522.314754
87712.958213
73597.919658
102379.390597
85522.108410
76475.076822
100581.502872
eil76_n750_uncorr-similar-weights_01.ttp.aco.txt
19013.545795
19886.468101
21291.977851
14985.046884
14985.046884
21291.977851
21065.004419
19194.818428
19889.040334
19013.545795
19013.545795
19920.292892
19886.468101
19013.545795
21291.977851
14990.036417
14985.046884
21291.977851
21261.166139
19152.174622
19013.545795
19889.040334
19036.083549
19889.040334
19036.083549
19920.292892
21291.977851
14985.046884
19194.818428
21065.004419
14990.036417
21291.977851
19152.174622
21261.166139
19920.292892
19036.083549
14990.036417
21291.977851
21291.977851
14990.036417
19920.292892
19013.545795
19886.468101
19036.083549
19889.040334
19036.083549
19036.083549
19886.468101
eil76_n750_uncorr-similar-weights_01.ttp.con.txt
21291.977851
14990.036417
21291.977851
14990.036417
19036.083549
19886.468101
14990.036417
21291.977851
19889.040334
19013.545795
19013.545795
19920.292892
21065.004419
19194.818428
19152.174622
21261.166139
19013.545795
19889.040334
19920.292892
19013.545795
14985.046884
21291.977851
19013.545795
19886.468101
19889.040334
19036.083549
14985.046884
21291.977851
19194.818428
21065.004419
21291.977851
14985.046884
21291.977851
14985.046884
19036.083549
19920.292892
19920.292892
19036.083549
21261.166139
19152.174622
19886.468101
19036.083549
19886.468101
19013.545795
14990.036417
21291.977851
19036.083549
19889.040334
eil76_n750_uncorr-similar-weights_01.ttp.inv.txt
20939.519607
19055.288428
19605.232977
16621.911223
19194.818428
21065.004419
20317.771013
18346.127182
21050.096578
20549.276073
18381.625144
18673.843601
20254.717490
19148.308428
21495.908889
16287.408480
19736.737972
15431.812620
14820.749825
20396.219846
15489.236633
20279.942338
21542.749159
20144.582776
14627.017490
21059.427851
20400.822541
15716.990723
18780.960536
15370.915642
18038.535288
17488.275728
15535.746633
21542.417598
21683.627692
15399.477107
19924.437975
18600.668806
15119.384514
19684.726601
19152.174622
21261.166139
14918.517891
19650.267196
21112.847639
18927.345838
15312.812581
20051.490207
19920.292892
19013.545795
17624.193580
19981.547579
19916.934259
18600.668806
20392.463822
18187.310163
15570.380292
18052.900379
18453.022737
15846.085058
20484.976353
18653.084643
20074.672941
18912.633530
21291.977851
14985.046884
20295.674976
20699.023586
21232.081757
19122.073588
18104.340152
20102.094910
17954.446475
20131.078655
18499.638410
19437.454938
20169.653997
14832.333620
19592.049139
15116.944966
20063.513681
18912.633530
14985.046884
21291.977851
20416.276318
19055.288428
18711.331366
20095.631151
18711.499428
20240.592228
18799.268632
16463.916852
15051.218576
20653.113327
20249.454241
17633.265135
19886.468101
19013.545795
17913.690047
20517.246099
19678.161433
18066.783659
18052.670437
20087.670719
20101.261502
16319.019870
20102.094910
18093.976475
15276.698190
20681.040552
15306.457107
21577.008875
16136.750036
21663.181963
17638.416859
19249.092656
19889.040334
19013.545795
18916.992155
22101.234098
19325.609265
20197.114612
18480.481024
15596.085682
21193.819619
19331.981588
18600.668806
19888.483876
20284.112776
20699.023586
20651.721757
19101.798428
18600.668806
19883.848651
19880.325330
20017.355061
20302.785839
18346.127182
18233.386774
19079.740735
21512.194564
15535.746633
17820.120437
18442.121186
20699.023586
20284.112776
18964.860009
21288.994331
22147.744098
18949.277853
18826.762330
16009.690692
20472.524606
18653.084643
19085.296013
21168.146139
19200.295136
17844.662350
19013.545795
19920.292892
18912.633530
20063.513681
20529.489181
15313.049721
21007.779619
19116.802563
15567.358023
21548.143981
18541.195619
20016.705977
18565.062727
19400.356703
14596.889747
20066.477816
18912.633530
20074.672941
21236.756996
19165.395593
15535.746633
21517.920947
20464.886817
15071.240782
19549.513856
16681.355105
18649.781669
16570.103695
19915.456612
19230.751137
14773.159901
19584.979962
19086.923030
20506.852298
21291.977851
14985.046884
20281.850541
19148.308428
18653.084643
20472.524606
17679.119329
19806.036960
eil76_n750_uncorr-similar-weights_01.ttp.lkh.txt
19013.545795
19889.040334
21065.004419
19194.818428
21291.977851
14985.046884
21291.977851
14985.046884
21261.166139
19152.174622
19886.468101
19013.545795
19013.545795
19886.468101
19889.040334
19013.545795
19886.468101
19036.083549
21291.977851
14990.036417
19889.040334
19036.083549
14985.046884
21291.977851
19920.292892
19013.545795
21240.329619
19779.287532
19036.083549
19889.040334
21291.977851
14990.036417
14990.036417
21291.977851
19920.292892
19036.083549
19013.545795
19920.292892
19194.818428
21065.004419
19036.083549
19886.468101
19152.174622
21261.166139
14990.036417
21291.977851
19036.083549
19920.292892
14985.046884
21291.977851
eil76_n750_uncorr-similar-weights_01.ttp.lkh2.txt
19036.083549
19920.292892
19036.083549
19886.468101
19036.083549
19889.040334
21261.166139
19152.174622
21291.977851
14990.036417
21291.977851
14985.046884
19013.545795
19920.292892
19013.545795
19886.468101
21291.977851
14985.046884
21291.977851
14990.036417
21065.004419
19194.818428
19013.545795
19889.040334
eil76_n750_uncorr-similar-weights_06.ttp.aco.txt
26551.184694
41667.374924
36362.173427
26244.185744
26244.185744
36362.173427
38463.423573
33094.646418
41663.016124
26551.169012
26513.325507
41737.644974
41667.374924
26551.184694
36362.018515
26240.649598
26217.062802
36387.003033
38526.857396
33163.708255
26551.169012
41663.016124
26595.081682
41637.321853
26557.239126
41711.950703
36387.003033
26217.062802
33094.646418
38463.423573
26240.649598
36362.018515
33163.708255
38526.857396
41711.950703
26557.239126
26267.772539
36337.188908
36337.188908
26267.772539
41737.644974
26513.325507
41641.680653
26595.097365
41637.321853
26595.081682
26595.097365
41641.680653
eil76_n750_uncorr-similar-weights_06.ttp.con.txt
36362.018515
26240.649598
36337.188908
26267.772539
26595.097365
41641.680653
26240.649598
36362.018515
41663.016124
26551.169012
26513.325507
41737.644974
38463.423573
33094.646418
33163.708255
38526.857396
26551.169012
41663.016124
41737.644974
26513.325507
26244.185744
36362.173427
26551.184694
41667.374924
41637.321853
26595.081682
26217.062802
36387.003033
33094.646418
38463.423573
36362.173427
26244.185744
36387.003033
26217.062802
26557.239126
41711.950703
41711.950703
26557.239126
38526.857396
33163.708255
41641.680653
26595.097365
41667.374924
26551.184694
26267.772539
36337.188908
26595.081682
41637.321853
eil76_n750_uncorr-similar-weights_06.ttp.inv.txt
37192.316370
32346.157235
25825.840943
31085.528248
33094.646418
38463.423573
40340.903298
25319.408563
36765.429757
33134.686738
34605.081054
28666.270456
38668.699743
33101.619678
44246.324717
22787.550023
38367.716283
22009.627624
25648.632341
35019.514484
21942.084216
41135.915538
37670.035849
35248.470563
24660.097746
35054.723371
32383.649228
26687.751448
31113.146389
26562.897875
29364.789401
28977.653991
21521.592780
44265.135243
44744.712238
20597.919908
42355.182716
25785.367274
25120.334020
33701.941344
33163.708255
38526.857396
25577.029355
36018.170740
36368.759175
31982.657828
27341.349166
30658.841109
41737.644974
26513.325507
26512.774231
33938.402105
42355.121352
25788.779163
40173.333721
24565.871700
25299.296355
31881.988299
35622.333550
22878.740065
40077.798240
25742.798956
42158.781071
25669.627417
36362.173427
26244.185744
36445.210968
38209.665344
38392.202896
32787.814088
29670.581775
40076.930451
28890.671946
38857.227674
24899.093905
37836.453246
34801.078876
25717.032642
34934.512484
23425.563112
42116.242252
25681.462570
26217.062802
36387.003033
39105.666526
32447.433676
27766.654517
41434.395883
26454.742514
39601.540868
30214.914382
30907.548547
22127.258466
38021.403868
40444.812303
28398.114333
41667.374924
26551.184694
27601.771365
41348.214646
34608.963602
26569.870755
29861.875867
38876.026006
41437.634614
22880.450416
40105.671662
29635.989435
22885.688597
38805.852073
19852.030272
44298.583862
21798.525364
44766.758445
29372.446115
31407.802896
41663.016124
26551.169012
31188.666014
38197.353729
29561.724631
40492.812493
31013.014260
27359.791498
37516.327503
34008.493793
25829.464494
42281.523047
36411.193834
38221.064835
37445.634262
32681.803943
25832.860777
42277.073811
33319.170441
37335.118163
40338.808786
25322.687490
29102.331589
32325.513495
44190.496468
21564.706293
29255.621205
34665.009058
38221.064835
36411.193834
32020.850763
36908.951350
38493.150311
31514.621601
31943.730612
27044.007544
40055.146006
25754.185806
32387.930836
38042.439538
38636.987909
28260.250235
26513.325507
41737.644974
25681.462570
42116.242252
36821.920467
24972.987355
36907.183932
30870.792139
21555.722701
44265.284154
25279.022943
42491.713408
24502.257834
38175.912394
24828.728212
34165.597382
25669.627417
42158.781071
38249.715229
32926.197954
21551.672606
44215.593606
33411.607008
23741.264967
33593.725274
27796.643970
27667.713629
32350.533900
37235.323533
30534.190196
24077.163705
35971.895243
31998.734842
37588.595336
36387.003033
26217.062802
39171.244474
33067.820819
25754.185806
40055.146006
31893.753414
29817.555546
eil76_n750_uncorr-similar-weights_06.ttp.lkh.txt
26551.169012
41663.016124
38463.423573
33094.646418
36362.173427
26244.185744
36387.003033
26217.062802
38526.857396
33163.708255
41667.374924
26551.184694
26551.184694
41667.374924
41663.016124
26551.169012
41641.680653
26595.097365
36337.188908
26267.772539
41637.321853
26595.081682
26244.185744
36362.173427
41737.644974
26513.325507
37634.471778
34012.732237
26595.081682
41637.321853
36362.018515
26240.649598
26240.649598
36362.018515
41711.950703
26557.239126
26513.325507
41737.644974
33094.646418
38463.423573
26595.097365
41641.680653
33163.708255
38526.857396
26267.772539
36337.188908
26557.239126
41711.950703
26217.062802
36387.003033
eil76_n750_uncorr-similar-weights_06.ttp.lkh2.txt
26557.239126
41711.950703
26595.097365
41641.680653
26595.081682
41637.321853
38526.857396
33163.708255
36362.018515
26240.649598
36362.173427
26244.185744
26513.325507
41737.644974
26551.184694
41667.374924
36387.003033
26217.062802
36337.188908
26267.772539
38463.423573
33094.646418
26551.169012
41663.016124
eil76_n750_uncorr_01.ttp.aco.txt
32145.291474
32854.997766
32519.587056
29777.940339
29777.940339
32519.587056
36531.362926
28954.973266
32851.756299
32147.314894
32129.412230
32860.709993
32854.997766
32145.291474
32522.130150
29769.232982
29765.015832
32526.455433
36436.949991
28815.278372
32147.314894
32851.756299
32140.206219
32853.611726
32122.303556
32862.565420
32526.455433
29765.015832
28954.973266
36531.362926
29769.232982
32522.130150
28815.278372
36436.949991
32862.565420
32122.303556
29782.065935
32515.325601
32515.325601
29782.065935
32860.709993
32129.412230
32856.853193
32138.182799
32853.611726
32140.206219
32138.182799
32856.853193
eil76_n750_uncorr_01.ttp.con.txt
32522.130150
29769.232982
32515.325601
29782.065935
32138.182799
32856.853193
29769.232982
32522.130150
32851.756299
32147.314894
32129.412230
32860.709993
36531.362926
28954.973266
28815.278372
36436.949991
32147.314894
32851.756299
32860.709993
32129.412230
29777.940339
32519.587056
32145.291474
32854.997766
32853.611726
32140.206219
29765.015832
32526.455433
28954.973266
36531.362926
32519.587056
29777.940339
32526.455433
29765.015832
32122.303556
32862.565420
32862.565420
32122.303556
36436.949991
28815.278372
32856.853193
32138.182799
32854.997766
32145.291474
29782.065935
32515.325601
32140.206219
32853.611726
eil76_n750_uncorr_01.ttp.inv.txt
35726.987014
28664.019138
29605.702056
32797.669561
28954.973266
36531.362926
32941.320082
30923.568307
32617.667073
30689.421091
31936.752427
32046.282188
35393.226787
28916.448117
34356.876112
30354.867110
32139.150360
29300.756890
29793.244269
31787.425351
29075.280930
33737.580468
32853.656152
31132.940196
29222.262227
32002.070278
29324.586093
32640.275179
28369.076976
30967.431062
32539.173080
28647.019057
29013.207404
34466.559871
34720.815926
28533.217831
33042.439007
31201.052155
29573.365916
30367.317463
28815.278372
36436.949991
29276.021955
33399.985202
35902.237987
28277.840578
29867.279628
30750.713160
32860.709993
32129.412230
30267.522617
30268.386536
33049.682441
31192.461784
33232.410805
30186.227742
28128.329265
31111.822239
30686.077882
30217.925823
33035.589705
31569.037997
33120.424646
31715.408379
32519.587056
29777.940339
31469.369022
33323.929834
36411.790234
28719.032974
31022.075980
34207.050198
30714.845188
33716.714382
31762.899480
30942.063894
30656.674263
29974.629347
31220.409294
28307.277726
33093.803328
31725.796861
29765.015832
32526.455433
35543.863859
28738.552291
30316.525266
33398.028853
31885.350473
32761.162937
27462.388674
33605.075847
28805.710540
32770.430423
34614.586013
29666.083827
32854.997766
32145.291474
30323.641365
34746.178992
32990.267193
29298.462358
30886.446315
34089.025052
32050.527506
30488.569450
34204.998704
31024.672261
27840.711269
35265.595314
28385.910206
34428.342210
29778.806548
34597.289625
32721.710492
30612.996365
32851.756299
32147.314894
28343.592990
36591.376377
30958.770033
32944.912889
27952.757386
31284.926086
33155.007591
31538.605422
31216.688220
33035.160403
31444.784329
33334.318316
35047.518427
28824.431825
31210.089891
33038.577661
28741.493442
34794.898674
32955.270999
30915.225391
32812.701492
29571.302841
34459.656908
29031.336454
30460.675601
32056.503009
33334.318316
31444.784329
28558.009959
35912.502980
36687.832269
28474.052806
30683.041507
30139.386925
33011.189330
31579.158457
28615.329313
36218.876848
33154.382094
30304.263404
32129.412230
32860.709993
31725.796861
33093.803328
34779.833336
28130.882515
32630.449177
30489.604730
29001.209870
34464.185801
31065.249177
33197.648834
31871.133935
30745.094930
29436.316042
32209.980590
31715.408379
33120.424646
36469.017613
28665.873386
29027.622987
34455.362059
30975.075534
30604.720153
31245.835774
31199.549882
26828.421140
34015.162680
34723.375098
28050.021410
28639.516840
33572.322432
28946.845166
34939.849531
32526.455433
29765.015832
35544.873676
28883.896431
31579.158457
33011.189330
35231.524940
29026.002071
eil76_n750_uncorr_01.ttp.lkh.txt
32147.314894
32851.756299
36531.362926
28954.973266
32519.587056
29777.940339
32526.455433
29765.015832
36436.949991
28815.278372
32854.997766
32145.291474
32145.291474
32854.997766
32851.756299
32147.314894
32856.853193
32138.182799
32515.325601
29782.065935
32853.611726
32140.206219
29777.940339
32519.587056
32860.709993
32129.412230
33195.070563
31614.835074
32140.206219
32853.611726
32522.130150
29769.232982
29769.232982
32522.130150
32862.565420
32122.303556
32129.412230
32860.709993
28954.973266
36531.362926
32138.182799
32856.853193
28815.278372
36436.949991
29782.065935
32515.325601
32122.303556
32862.565420
29765.015832
32526.455433
eil76_n750_uncorr_01.ttp.lkh2.txt
32122.303556
32862.565420
32138.182799
32856.853193
32140.206219
32853.611726
36436.949991
28815.278372
32522.130150
29769.232982
32519.587056
29777.940339
32129.412230
32860.709993
32145.291474
32854.997766
32526.455433
29765.015832
32515.325601
29782.065935
36531.362926
28954.973266
32147.314894
32851.756299
eil76_n750_uncorr_06.ttp.aco.txt
43135.128182
58615.885403
48164.341082
46163.211401
46163.211401
48164.341082
54040.344562
51797.559698
58604.854926
43133.793374
43119.511497
58656.252704
58615.885403
43135.128182
48181.688193
46150.828283
46146.609546
48179.739369
54238.535470
51800.367286
43133.793374
58604.854926
43111.983812
58616.670940
43097.701935
58668.068717
48179.739369
46146.609546
51797.559698
54040.344562
46150.828283
48181.688193
51800.367286
54238.535470
58668.068717
43097.701935
46167.430138
48166.289907
48166.289907
46167.430138
58656.252704
43119.511497
58627.701416
43113.318620
58616.670940
43111.983812
43113.318620
58627.701416
eil76_n750_uncorr_06.ttp.con.txt
48181.688193
46150.828283
48166.289907
46167.430138
43113.318620
58627.701416
46150.828283
48181.688193
58604.854926
43133.793374
43119.511497
58656.252704
54040.344562
51797.559698
51800.367286
54238.535470
43133.793374
58604.854926
58656.252704
43119.511497
46163.211401
48164.341082
43135.128182
58615.885403
58616.670940
43111.983812
46146.609546
48179.739369
51797.559698
54040.344562
48164.341082
46163.211401
48179.739369
46146.609546
43097.701935
58668.068717
58668.068717
43097.701935
54238.535470
51800.367286
58627.701416
43113.318620
58615.885403
43135.128182
46167.430138
48166.289907
43111.983812
58616.670940
eil76_n750_uncorr_06.ttp.inv.txt
52991.842867
51090.940278
40632.622019
48803.788652
51797.559698
54040.344562
54856.404584
46476.368878
50434.775212
53159.468580
47835.275196
47879.584549
53749.126290
51777.426630
60161.471021
39191.485649
54944.984729
39203.193046
45412.770396
48409.203470
38899.337968
57690.013445
50210.701334
55639.057265
44744.808037
46559.376758
47230.141707
45065.883530
42837.736998
46081.424386
48463.323570
43325.976030
38675.052951
60442.739853
61486.335544
37158.347398
58094.082718
44917.055861
45463.682860
45223.013319
51800.367286
54238.535470
44819.314975
49182.162887
52439.095230
50323.094005
44803.881963
45973.099924
58656.252704
43119.511497
47170.190961
46192.837767
58098.494950
44914.303241
55940.861170
44939.672676
39321.211054
48712.166050
50567.325999
41337.202635
56510.504734
43780.326168
59686.141650
41691.237325
48164.341082
46163.211401
56428.919335
50754.665658
53764.515396
51501.231980
43507.730231
56687.682742
42721.414495
55391.593163
41973.822783
54738.609287
46331.691285
45807.874641
46945.577960
43716.839014
59652.778740
41703.582745
46146.609546
48179.739369
54027.312049
50960.873940
45777.412232
58308.567233
45058.463233
55302.420942
43684.024599
49408.250483
41973.689121
49222.491301
57171.302610
43526.080172
58615.885403
43135.128182
41008.377872
58369.469412
48992.939249
46082.245802
44185.476519
55305.991990
57220.276521
39522.646469
56674.643446
43525.353259
42640.536676
53254.760611
36606.104552
60897.917230
37573.947419
61299.120654
43679.986299
48316.550068
58604.854926
43133.793374
50517.422119
53155.855635
47041.873337
58150.463384
43543.533217
46778.832142
50590.328424
53111.646244
44932.672545
58053.744640
56396.879765
50759.965251
53420.377099
51463.761058
44928.585118
58047.132010
47547.113329
56165.893163
54865.842702
46476.264022
48308.167411
46332.201913
60392.355777
38689.415677
43160.723181
51322.020304
50759.965251
56396.879765
50486.125311
53159.792190
53381.014601
50881.640929
50480.139235
42299.426444
56469.534729
43788.865717
51033.523266
53794.439973
54949.382431
41987.319817
43119.511497
58656.252704
41703.582745
59652.778740
52223.840222
43482.131877
49803.654890
49809.766352
38654.158782
60443.843202
43864.527249
58898.212431
41788.858838
55098.082559
44485.538985
47185.365783
41691.237325
59686.141650
53796.560240
51491.275487
38691.222326
60382.434084
46099.368925
43776.158929
50261.231311
42652.290189
40510.454991
51256.215956
54858.508833
46945.191063
42391.652267
48614.998882
51239.254795
53084.170902
48179.739369
46146.609546
54298.076664
51666.450811
43788.865717
56469.534729
48414.127920
46138.118060
eil76_n750_uncorr_06.ttp.lkh.txt
43133.793374
58604.854926
54040.344562
51797.559698
48164.341082
46163.211401
48179.739369
46146.609546
54238.535470
51800.367286
58615.885403
43135.128182
43135.128182
58615.885403
58604.854926
43133.793374
58627.701416
43113.318620
48166.289907
46167.430138
58616.670940
43111.983812
46163.211401
48164.341082
58656.252704
43119.511497
50963.680365
53420.809135
43111.983812
58616.670940
48181.688193
46150.828283
46150.828283
48181.688193
58668.068717
43097.701935
43119.511497
58656.252704
51797.559698
54040.344562
43113.318620
58627.701416
51800.367286
54238.535470
46167.430138
48166.289907
43097.701935
58668.068717
46146.609546
48179.739369
eil76_n750_uncorr_06.ttp.lkh2.txt
43097.701935
58668.068717
43113.318620
58627.701416
43111.983812
58616.670940
54238.535470
51800.367286
48181.688193
46150.828283
48164.341082
46163.211401
43119.511497
58656.252704
43135.128182
58615.885403
48179.739369
46146.609546
48166.289907
46167.430138
54040.344562
51797.559698
43133.793374
58604.854926
eil76_n75_bounded-strongly-corr_01.ttp.aco.txt
3136.679197
3496.941392
3854.720163
2890.979177
2890.979177
3854.720163
3385.848743
3135.819408
3496.941392
3136.679197
3134.200503
3499.847736
3496.941392
3136.679197
3854.675925
2891.030736
2891.030736
3854.675925
3462.229826
3133.073173
3136.679197
3496.941392
3134.961205
3496.941392
3132.418776
3499.847736
3854.675925
2891.030736
3135.819408
3385.848743
2891.030736
3854.675925
3133.073173
3462.229826
3499.847736
3132.418776
2890.979177
3854.720163
3854.720163
2890.979177
3499.847736
3134.200503
3496.941392
3134.961205
3496.941392
3134.961205
3134.961205
3496.941392
eil76_n75_bounded-strongly-corr_01.ttp.con.txt
3854.675925
2891.030736
3854.720163
2890.979177
3134.961205
3496.941392
2891.030736
3854.675925
3496.941392
3136.679197
3134.200503
3499.847736
3385.848743
3135.819408
3133.073173
3462.229826
3136.679197
3496.941392
3499.847736
3134.200503
2890.979177
3854.720163
3136.679197
3496.941392
3496.941392
3134.961205
2891.030736
3854.675925
3135.819408
3385.848743
3854.720163
2890.979177
3854.675925
2891.030736
3132.418776
3499.847736
3499.847736
3132.418776
3462.229826
3133.073173
3496.941392
3134.961205
3496.941392
3136.679197
2890.979177
3854.720163
3134.961205
3496.941392
eil76_n75_bounded-strongly-corr_01.ttp.inv.txt
3416.858909
3112.342817
2994.881468
4049.442152
3135.819408
3385.848743
3565.462814
3052.407609
3307.915291
3328.275519
3512.599358
3147.301536
3441.287574
3120.817044
3658.724081
3231.365676
3664.400950
2813.211898
2885.387681
3449.084235
2792.144235
3454.393939
3448.794408
3299.496016
2854.248491
3804.325237
3080.484409
3794.020125
3630.213962
3342.120917
3260.612234
3428.218963
2771.146103
3613.787833
3576.448681
2798.070345
3546.333790
3086.794551
2974.202285
3669.303557
3133.073173
3462.229826
2719.977726
3708.473065
3421.756205
3088.523738
3029.051327
3446.104236
3499.847736
3134.200503
3487.646419
3456.855577
3549.640830
3087.679375
3494.783191
3270.161609
3847.961026
3178.595457
3380.594359
3166.047467
3521.126084
3085.421677
3471.177095
3163.949492
3854.720163
2890.979177
3329.327487
3371.355119
3452.738642
3124.285551
3836.526339
3383.041889
3809.978348
3416.818279
3112.767314
3433.139849
3610.746193
2907.390869
3641.527036
2776.764034
3471.233244
3163.908643
2891.030736
3854.675925
3436.986881
3101.122925
3399.943847
3449.027617
3063.063314
3546.890380
3511.616000
3567.704664
2828.637989
3815.980331
3402.856576
3552.991885
3496.941392
3136.679197
3831.698527
3346.193603
3499.851710
3227.993946
3826.529462
3380.435914
3379.128447
3250.046335
3382.002916
3836.526339
2734.686989
3560.079355
2766.342229
3596.427174
3257.252973
3594.709289
3971.740236
3248.694053
3496.941392
3136.679197
3089.483677
3143.453796
3380.451573
3425.770933
3535.158109
3334.533985
3196.540456
3234.766682
3089.064412
3542.663960
3329.383181
3371.308567
3558.408134
3122.657743
3089.949236
3545.971000
3271.279812
3378.719811
3568.130158
3053.292433
3120.488142
3508.671276
3610.480417
2773.415964
3790.855147
3279.157862
3371.308567
3329.383181
3125.742662
3388.666944
3178.733770
3071.963543
3177.011700
3763.835106
3521.182233
3085.380827
3122.614297
3430.200642
3310.760905
3825.390690
3134.200503
3499.847736
3163.908643
3471.233244
3555.772125
2695.794834
3159.096094
3350.900816
2769.678748
3614.808814
3089.148053
3499.792489
3208.835216
3329.076425
2861.004859
3428.450968
3163.949492
3471.177095
3471.068438
3120.246038
2773.415964
3610.480417
3759.960182
3330.044544
3263.050867
3776.187940
3538.461464
3532.035536
3368.994242
3189.551786
2700.480610
3570.158475
3090.385845
3812.104766
3854.675925
2891.030736
3437.681575
3122.050832
3085.380827
3521.182233
4047.947929
3015.017601
eil76_n75_bounded-strongly-corr_01.ttp.lkh.txt
3136.679197
3496.941392
3385.848743
3135.819408
3854.720163
2890.979177
3854.675925
2891.030736
3462.229826
3133.073173
3496.941392
3136.679197
3136.679197
3496.941392
3496.941392
3136.679197
3496.941392
3134.961205
3854.720163
2890.979177
3496.941392
3134.961205
2890.979177
3854.720163
3499.847736
3134.200503
3206.484631
3239.269620
3134.961205
3496.941392
3854.675925
2891.030736
2891.030736
3854.675925
3499.847736
3132.418776
3134.200503
3499.847736
3135.819408
3385.848743
3134.961205
3496.941392
3133.073173
3462.229826
2890.979177
3854.720163
3132.418776
3499.847736
2891.030736
3854.675925
eil76_n75_bounded-strongly-corr_01.ttp.lkh2.txt
3132.418776
3499.847736
3134.961205
3496.941392
3134.961205
3496.941392
3462.229826
3133.073173
3854.675925
2891.030736
3854.720163
2890.979177
3134.200503
3499.847736
3136.679197
3496.941392
3854.675925
2891.030736
3854.720163
2890.979177
3385.848743
3135.819408
3136.679197
3496.941392
eil76_n75_bounded-strongly-corr_06.ttp.aco.txt
7377.619230
9960.655965
6618.882856
7133.365786
7133.365786
6618.882856
8463.356862
9045.893014
9960.543964
7377.619230
7375.951103
10026.307232
9960.655965
7377.619230
6614.785960
7133.405520
7133.405520
6618.848976
8194.554393
9122.553482
7377.619230
9960.543964
7397.935430
9961.335309
7396.267303
10027.098576
6618.848976
7133.405520
9045.893014
8463.356862
7133.405520
6614.785960
9122.553482
8194.554393
10027.098576
7396.267303
7133.365786
6614.819840
6614.819840
7133.365786
10026.307232
7375.951103
9961.447309
7397.935430
9961.335309
7397.935430
7397.935430
9961.447309
eil76_n75_bounded-strongly-corr_06.ttp.con.txt
6614.785960
7133.405520
6614.819840
7133.365786
7397.935430
9961.447309
7133.405520
6614.785960
9960.543964
7377.619230
7375.951103
10026.307232
8463.356862
9045.893014
9122.553482
8194.554393
7377.619230
9960.543964
10026.307232
7375.951103
7133.365786
6618.882856
7377.619230
9960.655965
9961.335309
7397.935430
7133.405520
6618.848976
9045.893014
8463.356862
6618.882856
7133.365786
6618.848976
7133.405520
7396.267303
10027.098576
10027.098576
7396.267303
8194.554393
9122.553482
9961.447309
7397.935430
9960.655965
7377.619230
7133.365786
6614.819840
7397.935430
9961.335309
eil76_n75_bounded-strongly-corr_06.ttp.inv.txt
8164.194003
8939.947177
7715.649103
8499.627438
9045.893014
8463.356862
9981.392560
6198.505136
8010.694017
9331.833434
7887.599952
7442.107502
7842.868973
9033.517622
10224.299431
8687.340012
6981.007949
7217.667343
7032.241768
6568.546307
7300.382600
8230.680107
7735.681899
9355.370067
6671.178521
6448.286466
7880.567663
8388.086791
5957.423418
8065.443110
6716.363993
8055.653040
7298.455141
10213.308045
10069.707821
7346.890140
10083.071869
6294.322207
7415.141483
6789.800054
9122.553482
8194.554393
7053.790483
6820.390810
8043.582372
8855.650670
6757.680954
7074.930238
10026.307232
7375.951103
6474.186060
7733.624725
10094.618384
6289.953726
10029.463086
5893.424495
6548.201034
7687.072195
7335.584659
8570.606225
10139.546082
7344.345352
9855.812563
7401.366997
6618.882856
7133.365786
9547.254742
8335.462327
8151.197522
9026.008452
9356.044922
6968.945184
9227.038188
7019.541020
6883.653200
9677.541720
6779.349095
6955.122554
6888.709187
7304.056977
9807.627590
7401.335433
7133.405520
6618.848976
7552.031147
8955.428632
6981.100201
9578.311968
7366.566039
9984.436804
6292.191536
8756.020633
6947.003935
6909.346461
7001.307036
8493.429448
9960.655965
7377.619230
8755.592783
7762.994243
9742.457636
5668.147884
9356.023409
6916.811868
8470.839450
8616.747499
6968.113966
9342.245939
7620.505465
8132.953653
7230.026406
9976.334830
8725.672147
10086.334908
8956.368329
6277.530146
9960.543964
7377.619230
8789.315014
7963.829277
7703.992091
9177.207358
5948.915958
8433.857030
8892.670776
8515.906796
6295.990334
10018.421881
9499.378925
8335.430763
8327.748741
8988.556879
6291.621853
10029.857973
8415.681537
7259.203829
9996.479300
6196.678940
6867.570489
6816.217052
10149.000038
7300.123268
9187.424356
7249.320003
8335.430763
9499.378925
8887.074562
8215.878906
8029.506409
8816.104530
8102.731677
8701.074561
10067.950515
7344.314486
8929.375448
8148.826131
7839.828952
8724.560756
7375.951103
10026.307232
7401.335433
9807.627590
8453.220100
7103.281621
8701.231686
8712.400696
7319.874771
10219.522740
6277.965252
9940.230985
6967.726169
9745.701805
6823.602102
6364.696376
7401.366997
9855.812563
8128.612361
9038.967588
7300.123268
10154.423389
6701.279914
8340.253124
7857.928441
8648.903023
5369.719809
9143.510117
7182.860695
8626.200374
6765.725508
7159.152099
8771.521520
8021.568424
6618.848976
7133.405520
7825.575663
9035.528741
7344.314486
10067.950515
9563.258070
7183.976281
eil76_n75_bounded-strongly-corr_06.ttp.lkh.txt
7377.619230
9960.543964
8463.356862
9045.893014
6618.882856
7133.365786
6618.848976
7133.405520
8194.554393
9122.553482
9960.655965
7377.619230
7377.619230
9960.655965
9960.543964
7377.619230
9961.447309
7397.935430
6614.819840
7133.365786
9961.335309
7397.935430
7133.365786
6618.882856
10026.307232
7375.951103
8873.152484
8471.196429
7397.935430
9961.335309
6614.785960
7133.405520
7133.405520
6614.785960
10027.098576
7396.267303
7375.951103
10026.307232
9045.893014
8463.356862
7397.935430
9961.447309
9122.553482
8194.554393
7133.365786
6614.819840
7396.267303
10027.098576
7133.405520
6618.848976
eil76_n75_bounded-strongly-corr_06.ttp.lkh2.txt
7396.267303
10027.098576
7397.935430
9961.447309
7397.935430
9961.335309
8194.554393
9122.553482
6614.785960
7133.405520
6618.882856
7133.365786
7375.951103
10026.307232
7377.619230
9960.655965
6618.848976
7133.405520
6614.819840
7133.365786
8463.356862
9045.893014
7377.619230
9960.543964
eil76_n75_uncorr-similar-weights_01.ttp.aco.txt
779.361251
1227.927411
1140.098283
31.288233
31.288233
1140.098283
1194.415035
1146.701111
1227.927411
779.361251
779.361251
1235.864153
1227.927411
779.361251
1140.098283
31.288233
31.288233
1140.098283
1154.086193
1146.701111
779.361251
1227.927411
779.361251
1227.927411
779.361251
1235.864153
1140.098283
31.288233
1146.701111
1194.415035
31.288233
1140.098283
1146.701111
1154.086193
1235.864153
779.361251
31.288233
1140.098283
1140.098283
31.288233
1235.864153
779.361251
1227.927411
779.361251
1227.927411
779.361251
779.361251
1227.927411
eil76_n75_uncorr-similar-weights_01.ttp.con.txt
1140.098283
31.288233
1140.098283
31.288233
779.361251
1227.927411
31.288233
1140.098283
1227.927411
779.361251
779.361251
1235.864153
1194.415035
1146.701111
1146.701111
1154.086193
779.361251
1227.927411
1235.864153
779.361251
31.288233
1140.098283
779.361251
1227.927411
1227.927411
779.361251
31.288233
1140.098283
1146.701111
1194.415035
1140.098283
31.288233
1140.098283
31.288233
779.361251
1235.864153
1235.864153
779.361251
1154.086193
1146.701111
1227.927411
779.361251
1227.927411
779.361251
31.288233
1140.098283
779.361251
1227.927411
eil76_n75_uncorr-similar-weights_01.ttp.inv.txt
1115.198764
1129.271111
778.864919
547.532909
1146.701111
1194.415035
1206.628646
539.437920
901.120065
1269.620164
717.288703
790.537275
1011.026712
1140.891111
1149.992233
412.160737
936.694244
168.561153
8.048233
870.040800
174.371153
1034.502071
997.138341
1252.617597
-4.821803
1111.048283
794.473554
667.541438
758.903115
219.167747
603.934297
652.864036
180.181153
1157.928975
1150.355255
176.468672
1224.244153
597.371953
182.343714
938.585346
1146.701111
1154.086193
8.048233
919.827545
1073.149542
1117.651111
214.648236
916.880379
1235.864153
779.361251
490.589823
1239.824806
1224.244153
597.371953
1187.751465
473.534799
370.939251
581.226050
889.196962
308.866906
1205.181465
726.236013
1228.290432
784.170046
1140.098283
31.288233
1270.047597
867.979893
1075.525831
1140.891111
561.004399
1027.998831
543.574399
1075.743062
738.691251
1145.601526
1290.129299
-5.910866
1128.866950
169.778293
1228.290432
784.170046
31.288233
1140.098283
1050.409588
1129.271111
657.596353
1210.860432
721.427218
1218.248646
706.743838
799.992600
76.913966
978.655196
1033.808831
958.596045
1227.927411
779.361251
588.565188
1014.223712
1156.651421
510.521353
555.194399
1033.619191
1179.304967
412.160737
1027.998831
561.004399
347.724537
1061.994619
164.848672
1138.735255
408.448256
1150.355255
782.892134
722.939236
1227.927411
779.361251
1123.461111
1346.350043
834.230219
1210.860432
844.346182
257.571308
1093.670729
899.574325
597.371953
1216.307411
1270.047597
867.979893
1236.157962
1135.081111
597.371953
1216.307411
1094.151111
1033.808831
1206.628646
539.437920
622.169123
1031.092502
1149.992233
180.181153
526.144399
894.375573
867.979893
1270.047597
1123.461111
1093.564139
1352.160043
1129.271111
1053.718660
541.882962
1205.181465
726.236013
1135.081111
1142.466193
890.452587
582.755188
779.361251
1235.864153
784.170046
1228.290432
1087.987288
239.810018
1070.430729
1093.604259
180.181153
1157.928975
602.180748
1216.670432
749.310046
1140.273876
-31.888553
913.208618
784.170046
1228.290432
1075.525831
1140.891111
180.181153
1149.992233
892.213278
266.388552
466.842365
799.926087
740.114628
777.946096
1008.227171
1018.381654
18.336080
918.343272
1129.271111
971.079264
1140.098283
31.288233
999.918053
1140.891111
726.236013
1205.181465
863.713635
906.443374
eil76_n75_uncorr-similar-weights_01.ttp.lkh.txt
779.361251
1227.927411
1194.415035
1146.701111
1140.098283
31.288233
1140.098283
31.288233
1154.086193
1146.701111
1227.927411
779.361251
779.361251
1227.927411
1227.927411
779.361251
1227.927411
779.361251
1140.098283
31.288233
1227.927411
779.361251
31.288233
1140.098283
1235.864153
779.361251
1099.480729
1222.448031
779.361251
1227.927411
1140.098283
31.288233
31.288233
1140.098283
1235.864153
779.361251
779.361251
1235.864153
1146.701111
1194.415035
779.361251
1227.927411
1146.701111
1154.086193
31.288233
1140.098283
779.361251
1235.864153
31.288233
1140.098283
eil76_n75_uncorr-similar-weights_01.ttp.lkh2.txt
779.361251
1235.864153
779.361251
1227.927411
779.361251
1227.927411
1154.086193
1146.701111
1140.098283
31.288233
1140.098283
31.288233
779.361251
1235.864153
779.361251
1227.927411
1140.098283
31.288233
1140.098283
31.288233
1194.415035
1146.701111
779.361251
1227.927411
eil76_n75_uncorr-similar-weights_06.ttp.aco.txt
-2363.010714
1601.928103
1310.751050
-2237.859768
-2237.859768
1310.751050
516.666919
-379.146281
1601.928103
-2363.010714
-2370.219208
1634.771219
1601.928103
-2363.010714
1310.751050
-2237.859768
-2237.859768
1310.751050
268.846193
-293.289718
-2363.010714
1601.928103
-2363.010714
1601.928103
-2370.219208
1634.771219
1310.751050
-2237.859768
-379.146281
516.666919
-2237.859768
1310.751050
-293.289718
268.846193
1634.771219
-2370.219208
-2237.859768
1310.751050
1310.751050
-2237.859768
1634.771219
-2370.219208
1601.928103
-2363.010714
1601.928103
-2363.010714
-2363.010714
1601.928103
eil76_n75_uncorr-similar-weights_06.ttp.con.txt
1310.751050
-2237.859768
1310.751050
-2237.859768
-2363.010714
1601.928103
-2237.859768
1310.751050
1601.928103
-2363.010714
-2370.219208
1634.771219
516.666919
-379.146281
-293.289718
268.846193
-2363.010714
1601.928103
1634.771219
-2370.219208
-2237.859768
1310.751050
-2363.010714
1601.928103
1601.928103
-2363.010714
-2237.859768
1310.751050
-379.146281
516.666919
1310.751050
-2237.859768
1310.751050
-2237.859768
-2370.219208
1634.771219
1634.771219
-2370.219208
268.846193
-293.289718
1601.928103
-2363.010714
1601.928103
-2363.010714
-2237.859768
1310.751050
-2363.010714
1601.928103
eil76_n75_uncorr-similar-weights_06.ttp.inv.txt
227.618051
-459.257832
-1992.799073
-670.245305
-379.146281
516.666919
1846.490357
-2806.912338
-1085.173784
798.020574
-231.476480
-1596.636634
49.215116
-341.164065
1824.122031
-2825.021273
719.131354
-2970.685280
-2364.833025
552.500589
-3114.943114
1333.588851
-994.185840
917.079901
-2430.843668
1138.082427
-832.089775
-983.147856
131.447320
-1970.818940
-1613.277807
-434.662467
-3161.795722
1972.207006
1910.653189
-3202.425015
2016.491985
-2774.795482
-2322.047483
1003.750370
-293.289718
268.846193
-2420.698663
230.979056
-115.491255
-340.529047
-1782.569236
269.344454
1634.771219
-2370.219208
-2280.052543
1199.035741
2009.236486
-2778.582636
1839.669824
-3227.641242
-894.199194
-1177.291811
988.182537
-2825.114089
1374.830646
-2456.367873
1577.527289
-2421.813821
1310.751050
-2237.859768
1064.371836
-632.004629
113.246315
-242.584367
-845.783811
528.654229
-948.883830
560.466055
-2374.033185
1116.935127
1379.178021
-2436.088961
1032.519604
-2344.531113
1577.527289
-2421.813821
-2237.859768
1310.751050
104.561955
-434.217781
-2151.400507
1686.683800
-2362.814145
1413.273079
-387.805817
-612.510511
-2657.752475
1197.764985
293.346519
-563.291075
1601.928103
-2363.010714
-973.190149
412.804346
878.565894
-2503.270639
-824.810050
381.358276
1536.069986
-2888.640933
528.654229
-845.783811
-2250.944735
757.468755
-3271.319836
1872.880210
-2881.088662
1813.965588
-388.562897
-922.829037
1601.928103
-2363.010714
-766.970857
445.761546
-804.897254
1049.557425
314.485596
-2103.819510
-56.573935
271.470111
-2767.586989
1983.643922
1064.371836
-632.004629
368.099321
-454.341647
-2771.374142
1976.388423
-482.943084
104.997637
1838.727419
-2810.316248
-1867.377079
668.529181
1939.363889
-3154.587228
-821.965189
-10.108563
-632.004629
1064.371836
-375.491239
47.427135
465.970410
-703.485377
-438.946391
-816.630470
1374.830646
-2456.367873
-445.119163
261.729066
320.590033
-892.916395
-2370.219208
1634.771219
-2421.813821
1577.527289
583.563978
-2174.136013
-201.053925
-284.943233
-3161.795722
1972.207006
-2850.798980
1902.787887
-2403.526545
1152.258642
-2377.226781
578.407175
-2421.813821
1577.527289
89.417339
-207.750615
-3154.587228
1939.363889
305.855579
-2233.975377
-943.416751
-494.069956
-537.764759
-560.567621
188.141762
-970.473933
-2579.461700
342.983788
-391.992020
217.015342
1310.751050
-2237.859768
5.165465
-334.597194
-2456.367873
1374.830646
-676.274856
-978.770078
eil76_n75_uncorr-similar-weights_06.ttp.lkh.txt
-2363.010714
1601.928103
516.666919
-379.146281
1310.751050
-2237.859768
1310.751050
-2237.859768
268.846193
-293.289718
1601.928103
-2363.010714
-2363.010714
1601.928103
1601.928103
-2363.010714
1601.928103
-2363.010714
1310.751050
-2237.859768
1601.928103
-2363.010714
-2237.859768
1310.751050
1634.771219
-2370.219208
-142.431707
379.523694
-2363.010714
1601.928103
1310.751050
-2237.859768
-2237.859768
1310.751050
1634.771219
-2370.219208
-2370.219208
1634.771219
-379.146281
516.666919
-2363.010714
1601.928103
-293.289718
268.846193
-2237.859768
1310.751050
-2370.219208
1634.771219
-2237.859768
1310.751050
eil76_n75_uncorr-similar-weights_06.ttp.lkh2.txt
-2370.219208
1634.771219
-2363.010714
1601.928103
-2363.010714
1601.928103
268.846193
-293.289718
1310.751050
-2237.859768
1310.751050
-2237.859768
-2370.219208
1634.771219
-2363.010714
1601.928103
1310.751050
-2237.859768
1310.751050
-2237.859768
516.666919
-379.146281
-2363.010714
1601.928103
eil76_n75_uncorr_01.ttp.aco.txt
4398.261175
3727.390755
4206.319176
4462.543990
4462.543990
4206.319176
4606.511927
3276.592450
3724.673973
4400.061844
4393.302594
3703.625720
3727.390755
4398.261175
4204.724457
4455.335522
4455.335522
4204.724457
4618.120834
3263.464603
4400.061844
3724.673973
4400.061844
3724.673973
4393.302594
3703.625720
4204.724457
4455.335522
3276.592450
4606.511927
4455.335522
4204.724457
3263.464603
4618.120834
3703.625720
4393.302594
4462.543990
4206.319176
4206.319176
4462.543990
3703.625720
4393.302594
3727.390755
4398.261175
3724.673973
4400.061844
4398.261175
3727.390755
eil76_n75_uncorr_01.ttp.con.txt
4204.724457
4455.335522
4206.319176
4462.543990
4398.261175
3727.390755
4455.335522
4204.724457
3724.673973
4400.061844
4393.302594
3703.625720
4606.511927
3276.592450
3263.464603
4618.120834
4400.061844
3724.673973
3703.625720
4393.302594
4462.543990
4206.319176
4398.261175
3727.390755
3724.673973
4400.061844
4455.335522
4204.724457
3276.592450
4606.511927
4206.319176
4462.543990
4204.724457
4455.335522
4393.302594
3703.625720
3703.625720
4393.302594
4618.120834
3263.464603
3727.390755
4398.261175
3727.390755
4398.261175
4462.543990
4206.319176
4400.061844
3724.673973
eil76_n75_uncorr_01.ttp.inv.txt
4545.584268
3254.252323
3964.984037
4304.301115
3276.592450
4606.511927
3960.949109
3846.399406
4107.423373
3093.350795
4219.557483
4053.737766
4727.033110
3229.730420
3830.646778
4317.232458
3915.836560
4460.573574
4485.644687
3794.783108
4428.008382
4160.268146
4185.916705
3116.126429
4476.967876
4082.683975
3942.530216
4129.220438
3641.207060
4387.373146
4465.323682
3705.577381
4372.290010
3812.032162
3843.139885
4335.294935
3762.243656
3908.874787
4382.224509
3771.425779
3263.464603
4618.120834
4148.766885
4612.901979
4641.154930
3183.768973
4592.957667
3934.664963
3703.625720
4393.302594
4373.665721
3352.930472
3762.243656
3908.874787
3952.722166
3693.342295
4165.556688
3988.284522
4126.249200
4261.512450
3865.837213
4260.877337
3731.513958
4359.762388
4206.319176
4462.543990
3162.510599
4711.828050
4636.184912
3242.087775
3984.373801
4505.623352
3949.632650
4550.654038
4552.438216
2991.247744
3949.045152
4487.412843
4062.969232
4146.527862
3734.449886
4364.720969
4455.335522
4204.724457
4749.994811
3173.790049
3911.762422
3800.975650
4301.176793
3867.425209
3392.200111
4108.997865
4262.919092
4333.481313
4616.536021
3466.514706
3727.390755
4398.261175
3871.545884
4552.094955
4075.528252
3590.240705
3939.551213
4539.302304
3838.348386
4341.700505
4505.623352
3984.373801
4015.289522
4485.427667
4320.061436
3827.239134
4274.977948
3834.665716
4538.656612
3957.384695
3724.673973
4400.061844
3176.706170
4225.264475
3751.164053
3880.393355
3684.297806
4275.253594
4346.358304
3305.916793
3913.833368
3786.008690
3165.404197
4716.786631
4486.126158
3272.764853
3915.634037
3783.291909
3701.058531
4529.019160
3960.949109
3846.399406
4541.724043
3467.641878
3833.080414
4379.049260
3919.477163
4059.993004
4716.786631
3165.404197
3259.171789
4590.297144
4233.648172
3187.086972
3522.441327
3952.031692
3869.321067
4265.835918
3245.027942
4599.808585
4189.574495
3842.369372
4393.302594
3703.625720
4364.720969
3734.449886
4432.998125
4183.992704
4283.735825
3585.696641
4372.290010
3812.032162
3872.937504
3774.817985
4586.897530
2997.116252
4420.639144
3979.626159
4359.762388
3731.513958
4634.780498
3244.201358
4379.049260
3833.080414
4111.859838
4439.306504
4409.168591
3945.229140
3328.078030
4125.368675
4573.540059
3495.041080
4209.431341
4662.153099
3289.461432
4402.477997
4204.724457
4455.335522
4791.466034
3183.155290
4265.835918
3869.321067
4542.937014
3478.835298
eil76_n75_uncorr_01.ttp.lkh.txt
4400.061844
3724.673973
4606.511927
3276.592450
4206.319176
4462.543990
4204.724457
4455.335522
4618.120834
3263.464603
3727.390755
4398.261175
4398.261175
3727.390755
3724.673973
4400.061844
3727.390755
4398.261175
4206.319176
4462.543990
3724.673973
4400.061844
4462.543990
4206.319176
3703.625720
4393.302594
4325.693421
3810.497964
4400.061844
3724.673973
4204.724457
4455.335522
4455.335522
4204.724457
3703.625720
4393.302594
4393.302594
3703.625720
3276.592450
4606.511927
4398.261175
3727.390755
3263.464603
4618.120834
4462.543990
4206.319176
4393.302594
3703.625720
4455.335522
4204.724457
eil76_n75_uncorr_01.ttp.lkh2.txt
4393.302594
3703.625720
4398.261175
3727.390755
4400.061844
3724.673973
4618.120834
3263.464603
4204.724457
4455.335522
4206.319176
4462.543990
4393.302594
3703.625720
4398.261175
3727.390755
4204.724457
4455.335522
4206.319176
4462.543990
4606.511927
3276.592450
4400.061844
3724.673973
eil76_n75_uncorr_06.ttp.aco.txt
4353.507449
6175.940223
4927.811067
4773.692245
4773.692245
4927.811067
6645.482053
5011.940704
6177.525845
4352.471270
4351.165559
6203.725115
6175.940223
4353.507449
4929.579304
4771.276423
4774.754749
4926.622452
6418.519367
5040.986368
4352.471270
6177.525845
4354.223404
6176.422511
4352.917693
6202.621781
4926.622452
4774.754749
5011.940704
6645.482053
4771.276423
4929.579304
5040.986368
6418.519367
6202.621781
4352.917693
4770.213919
4930.767919
4930.767919
4770.213919
6203.725115
4351.165559
6174.836889
4355.259583
6176.422511
4354.223404
4355.259583
6174.836889
eil76_n75_uncorr_06.ttp.con.txt
4929.579304
4771.276423
4930.767919
4770.213919
4355.259583
6174.836889
4771.276423
4929.579304
6177.525845
4352.471270
4351.165559
6203.725115
6645.482053
5011.940704
5040.986368
6418.519367
4352.471270
6177.525845
6203.725115
4351.165559
4773.692245
4927.811067
4353.507449
6175.940223
6176.422511
4354.223404
4774.754749
4926.622452
5011.940704
6645.482053
4927.811067
4773.692245
4926.622452
4774.754749
4352.917693
6202.621781
6202.621781
4352.917693
6418.519367
5040.986368
6174.836889
4355.259583
6175.940223
4353.507449
4770.213919
4930.767919
4354.223404
6176.422511
eil76_n75_uncorr_06.ttp.inv.txt
6420.177839
4938.118315
3481.079212
5539.877933
5011.940704
6645.482053
5550.280561
5111.861715
5388.610286
5704.711885
4072.614366
5931.311917
6253.683909
4996.477204
6594.524814
3139.526706
6282.213417
3176.336596
4683.469333
4850.073085
3050.729314
6501.116626
5252.998441
5985.861012
4723.194416
4698.523294
4782.946330
4613.340674
3456.666908
4850.975673
5556.366982
4088.092815
3136.108478
6566.910584
6437.602955
3127.226646
5955.458319
4773.762000
4951.645990
4541.575219
5040.986368
6418.519367
4545.362924
5032.704670
6159.796746
4772.030283
4331.667835
4919.587356
6203.725115
4351.165559
6086.998884
4170.663818
5955.458319
4773.762000
5543.919795
4948.279615
3250.545977
5053.890888
6015.418591
3493.239144
5707.875913
4712.222054
6117.306104
4316.333365
4927.811067
4773.692245
5914.440831
5568.912754
6232.424667
4932.369731
3689.385843
7376.411595
3581.274175
7402.835413
4772.467185
5143.972906
5253.446608
4648.152653
5398.859663
4111.759340
6119.160279
4315.454379
4774.754749
4926.622452
6351.515314
4894.385915
5012.681746
5937.290329
4743.406478
5786.348266
3524.119638
6164.078553
4120.632303
5243.007062
7395.016551
3776.528511
6175.940223
4353.507449
3709.348605
7153.280737
5439.047777
5024.568850
3808.312653
7228.690703
6633.343096
3143.081686
7377.500281
3687.631169
4041.043904
6167.538686
3100.889204
6335.588459
3127.126931
6491.570768
4736.030908
5078.076945
6177.525845
4352.471270
5184.278728
6183.400747
5362.275675
6095.867154
4016.716475
5034.951210
5445.250408
5825.596208
4776.103891
5928.049907
5916.233265
5568.127295
6645.815612
4992.202234
4775.067711
5929.615805
4062.367296
7080.790016
5550.280561
5111.861715
5743.320486
4454.335342
6540.700605
3137.347496
3772.589056
6699.693207
5568.127295
5916.233265
4815.646433
6203.976769
6199.408333
5242.013045
6081.761433
3595.147251
5710.052098
4711.429320
4934.120053
6345.800995
6632.768945
3871.093918
4351.165559
6203.725115
4315.454379
6119.160279
6102.511845
3762.683046
5287.184332
5953.155632
3140.268475
6562.912673
4734.685349
5888.712775
4545.487171
5272.265974
4479.316916
4642.547812
4316.333365
6117.306104
6243.389905
4969.033961
3139.678701
6537.806028
4893.691004
4312.581596
5653.055390
3977.954332
3464.787132
6065.014148
6720.454702
4190.904557
4186.564200
4992.310356
5024.986511
6096.076390
4926.622452
4774.754749
6267.020620
4980.735410
4711.429320
5710.052098
5582.479525
4258.999605
eil76_n75_uncorr_06.ttp.lkh.txt
4352.471270
6177.525845
6645.482053
5011.940704
4927.811067
4773.692245
4926.622452
4774.754749
6418.519367
5040.986368
6175.940223
4353.507449
4353.507449
6175.940223
6177.525845
4352.471270
6174.836889
4355.259583
4930.767919
4770.213919
6176.422511
4354.223404
4773.692245
4927.811067
6203.725115
4351.165559
5426.092082
6225.184081
4354.223404
6176.422511
4929.579304
4771.276423
4771.276423
4929.579304
6202.621781
4352.917693
4351.165559
6203.725115
5011.940704
6645.482053
4355.259583
6174.836889
5040.986368
6418.519367
4770.213919
4930.767919
4352.917693
6202.621781
4774.754749
4926.622452
eil76_n75_uncorr_06.ttp.lkh2.txt
4352.917693
6202.621781
4355.259583
6174.836889
4354.223404
6176.422511
6418.519367
5040.986368
4929.579304
4771.276423
4927.811067
4773.692245
4351.165559
6203.725115
4353.507449
6175.940223
4926.622452
4774.754749
4930.767919
4770.213919
6645.482053
5011.940704
4352.471270
6177.525845
